# Force         
# CofR          : (0.00000000e+00 0.00000000e+00 0.00000000e+00)
#
# Time          	total_x total_y total_z	pressure_x pressure_y pressure_z	viscous_x viscous_y viscous_z
1                3.91168969e+00 -7.66739123e-05 1.38744962e+01 3.76693350e+00 -7.76571261e-05 1.38656552e+01 1.44756184e-01 9.83213830e-07 8.84101236e-03
2                4.87152027e+00 -6.40793405e-06 1.33075149e+01 4.72552197e+00 -5.69713714e-06 1.33006663e+01 1.45998306e-01 -7.10796911e-07 6.84867094e-03
3                4.66555179e+00 3.07212982e-05 1.36837009e+01 4.51695934e+00 3.28165216e-05 1.36775151e+01 1.48592451e-01 -2.09522343e-06 6.18575928e-03
4                3.98716247e+00 6.78644806e-05 1.44585622e+01 3.83580617e+00 6.81864065e-05 1.44532975e+01 1.51356306e-01 -3.21925928e-07 5.26473380e-03
5                3.23794494e+00 1.24392615e-04 1.51102712e+01 3.08621552e+00 1.26782168e-04 1.51059220e+01 1.51729424e-01 -2.38955328e-06 4.34918735e-03
6                2.59288889e+00 3.06782011e-04 1.56700171e+01 2.44407699e+00 3.09459254e-04 1.56667316e+01 1.48811893e-01 -2.67724312e-06 3.28548515e-03
7                2.10055414e+00 5.41423468e-04 1.60660693e+01 1.95844227e+00 5.42915088e-04 1.60637828e+01 1.42111868e-01 -1.49162048e-06 2.28650647e-03
8                1.77277032e+00 8.19917791e-04 1.63659181e+01 1.64013218e+00 8.16296569e-04 1.63641320e+01 1.32638139e-01 3.62122219e-06 1.78611533e-03
9                1.59570718e+00 1.21815200e-03 1.67046473e+01 1.47110747e+00 1.19393424e-03 1.67024738e+01 1.24599707e-01 2.42177608e-05 2.17347556e-03
10               1.47871553e+00 1.57306136e-03 1.71464269e+01 1.34881652e+00 1.52703500e-03 1.71420259e+01 1.29899010e-01 4.60263614e-05 4.40100306e-03
11               1.41406976e+00 1.85087818e-03 1.69297490e+01 1.29752115e+00 1.78592018e-03 1.69260535e+01 1.16548605e-01 6.49579986e-05 3.69551945e-03
12               1.45386184e+00 2.14544083e-03 1.68559664e+01 1.34385189e+00 2.08381881e-03 1.68489725e+01 1.10009957e-01 6.16220164e-05 6.99390011e-03
13               1.57660573e+00 2.46133796e-03 1.68993259e+01 1.47396357e+00 2.30843496e-03 1.68916991e+01 1.02642158e-01 1.52902996e-04 7.62682270e-03
14               1.74276536e+00 2.54791100e-03 1.71189919e+01 1.64445423e+00 2.46620972e-03 1.71104522e+01 9.83111320e-02 8.17012742e-05 8.53972366e-03
15               1.92108160e+00 2.67002356e-03 1.73539325e+01 1.82927118e+00 2.58483242e-03 1.73442785e+01 9.18104269e-02 8.51911393e-05 9.65397805e-03
16               2.11787030e+00 2.77310553e-03 1.77650512e+01 2.02886732e+00 2.66746553e-03 1.77529138e+01 8.90029743e-02 1.05640002e-04 1.21374373e-02
17               2.29739551e+00 2.84433670e-03 1.82477520e+01 2.21102313e+00 2.73030775e-03 1.82338020e+01 8.63723766e-02 1.14028953e-04 1.39499896e-02
18               2.44647234e+00 2.91917057e-03 1.86358872e+01 2.36112122e+00 2.80094087e-03 1.86203456e+01 8.53511221e-02 1.18229705e-04 1.55416434e-02
19               2.57296679e+00 2.96088576e-03 1.88941115e+01 2.48750323e+00 2.88900596e-03 1.88780324e+01 8.54635661e-02 7.18798012e-05 1.60790555e-02
20               2.68289750e+00 3.10229899e-03 1.89902356e+01 2.59670374e+00 2.98446308e-03 1.89746893e+01 8.61937563e-02 1.17835907e-04 1.55463172e-02
21               2.78054033e+00 3.20787105e-03 1.88791098e+01 2.69362529e+00 3.09387332e-03 1.88656057e+01 8.69150448e-02 1.13997726e-04 1.35040605e-02
22               2.86420711e+00 3.34139872e-03 1.84758960e+01 2.77726422e+00 3.20589923e-03 1.84647437e+01 8.69428864e-02 1.35499494e-04 1.11522635e-02
23               2.93773735e+00 3.49064878e-03 1.77499740e+01 2.84959847e+00 3.31205290e-03 1.77407821e+01 8.81388837e-02 1.78595875e-04 9.19187219e-03
24               3.00153848e+00 3.64578801e-03 1.66676755e+01 2.91136753e+00 3.41258294e-03 1.66602041e+01 9.01709508e-02 2.33205065e-04 7.47144326e-03
25               3.06529339e+00 3.73433834e-03 1.53134384e+01 2.97384839e+00 3.49875031e-03 1.53075669e+01 9.14449969e-02 2.35588025e-04 5.87152292e-03
26               3.12234105e+00 3.78144107e-03 1.36599347e+01 3.02959976e+00 3.57284216e-03 1.36554618e+01 9.27412836e-02 2.08598907e-04 4.47294095e-03
27               3.16800370e+00 3.85417519e-03 1.17490622e+01 3.07518560e+00 3.63805660e-03 1.17460061e+01 9.28180967e-02 2.16118583e-04 3.05607876e-03
28               3.20501362e+00 4.00238378e-03 9.71285351e+00 3.11130065e+00 3.69961604e-03 9.71044409e+00 9.37129646e-02 3.02767738e-04 2.40942599e-03
29               3.23585603e+00 4.13607688e-03 7.71471477e+00 3.13969499e+00 3.75069721e-03 7.71226794e+00 9.61610467e-02 3.85379668e-04 2.44683497e-03
30               3.25489605e+00 4.22258257e-03 5.91924800e+00 3.15428290e+00 3.78413060e-03 5.91646817e+00 1.00613157e-01 4.38451964e-04 2.77982910e-03
31               3.24600842e+00 4.28219419e-03 4.39612341e+00 3.14187500e+00 3.79333560e-03 4.39309998e+00 1.04133429e-01 4.88858593e-04 3.02343428e-03
32               3.20628945e+00 4.21866506e-03 3.24396155e+00 3.09968887e+00 3.77491328e-03 3.24043903e+00 1.06600577e-01 4.43751773e-04 3.52252129e-03
33               3.14739450e+00 4.07578844e-03 2.39087087e+00 3.03946512e+00 3.72476051e-03 2.38619389e+00 1.07929375e-01 3.51027930e-04 4.67697777e-03
34               3.08103495e+00 3.90699640e-03 1.91912432e+00 2.97322135e+00 3.62465376e-03 1.91308004e+00 1.07813598e-01 2.82342637e-04 6.04428175e-03
35               3.02112053e+00 3.67697890e-03 1.86451011e+00 2.91475955e+00 3.47099823e-03 1.85735159e+00 1.06360984e-01 2.05980677e-04 7.15852730e-03
36               2.97500526e+00 3.36980173e-03 2.17384293e+00 2.87152087e+00 3.25552687e-03 2.16532688e+00 1.03484387e-01 1.14274869e-04 8.51604341e-03
37               2.94297551e+00 2.95046222e-03 2.79210472e+00 2.84392732e+00 3.00619977e-03 2.78286423e+00 9.90481983e-02 -5.57375548e-05 9.24048823e-03
38               2.92325804e+00 2.47673164e-03 3.55010315e+00 2.82919420e+00 2.73293216e-03 3.54055806e+00 9.40638349e-02 -2.56200523e-04 9.54508940e-03
39               2.91209056e+00 2.03585025e-03 4.31553116e+00 2.82294231e+00 2.48661507e-03 4.30613552e+00 8.91482445e-02 -4.50764824e-04 9.39563648e-03
40               2.90802880e+00 1.86618105e-03 5.00565538e+00 2.82311418e+00 2.32172254e-03 4.99663249e+00 8.49146195e-02 -4.55541488e-04 9.02288730e-03
41               2.91356154e+00 1.86000891e-03 5.62601489e+00 2.83105256e+00 2.25539734e-03 5.61720065e+00 8.25089813e-02 -3.95388436e-04 8.81423820e-03
42               2.92244690e+00 1.79761639e-03 6.18379997e+00 2.84203430e+00 2.28092557e-03 6.17539845e+00 8.04125962e-02 -4.83309182e-04 8.40152106e-03
43               2.93083356e+00 1.82603618e-03 6.67095155e+00 2.85268399e+00 2.37895042e-03 6.66321573e+00 7.81495679e-02 -5.52914242e-04 7.73581513e-03
44               2.94036302e+00 1.98866326e-03 7.10122080e+00 2.86431689e+00 2.52894029e-03 7.09397277e+00 7.60461267e-02 -5.40277031e-04 7.24802813e-03
45               2.95372755e+00 2.23076187e-03 7.48754858e+00 2.87976476e+00 2.70947785e-03 7.48059215e+00 7.39627882e-02 -4.78715980e-04 6.95643486e-03
46               2.97456575e+00 2.54002208e-03 7.86077152e+00 2.90288057e+00 2.88474819e-03 7.85390990e+00 7.16851802e-02 -3.44726102e-04 6.86162207e-03
47               3.00116250e+00 2.83949567e-03 8.22869509e+00 2.93204884e+00 3.02158533e-03 8.22172989e+00 6.91136538e-02 -1.82089653e-04 6.96519855e-03
48               3.03046772e+00 3.06526703e-03 8.57812486e+00 2.96423189e+00 3.08960812e-03 8.57090971e+00 6.62358348e-02 -2.43410894e-05 7.21515169e-03
49               3.06208966e+00 3.23181633e-03 8.90002262e+00 2.99875971e+00 3.06800162e-03 8.89238542e+00 6.33299507e-02 1.63814714e-04 7.63720706e-03
50               3.09561317e+00 3.30403089e-03 9.18132968e+00 3.03512235e+00 2.97535590e-03 9.17315854e+00 6.04908209e-02 3.28674983e-04 8.17114198e-03
51               3.12947097e+00 3.29724890e-03 9.39469943e+00 3.07155388e+00 2.85687477e-03 9.38592602e+00 5.79170872e-02 4.40374124e-04 8.77340119e-03
52               3.16191177e+00 3.21475076e-03 9.51262777e+00 3.10589645e+00 2.75770001e-03 9.50323642e+00 5.60153200e-02 4.57050751e-04 9.39134742e-03
53               3.19057294e+00 3.10921861e-03 9.51116480e+00 3.13585848e+00 2.71226849e-03 9.50139658e+00 5.47144654e-02 3.96950114e-04 9.76822173e-03
54               3.21339786e+00 3.03662971e-03 9.35915572e+00 3.15956721e+00 2.73540752e-03 9.34937948e+00 5.38306502e-02 3.01222187e-04 9.77623739e-03
55               3.22637304e+00 3.02156642e-03 8.99101899e+00 3.17333138e+00 2.80243211e-03 8.98152675e+00 5.30416578e-02 2.19134307e-04 9.49223370e-03
56               3.23724546e+00 3.04658195e-03 8.44955955e+00 3.18409989e+00 2.86394653e-03 8.44067014e+00 5.31455738e-02 1.82635415e-04 8.88940771e-03
57               3.24813990e+00 3.09990410e-03 7.76144062e+00 3.19403244e+00 2.88043409e-03 7.75333353e+00 5.41074552e-02 2.19470001e-04 8.10709561e-03
58               3.26220766e+00 3.15975290e-03 6.98750684e+00 3.20636780e+00 2.83615772e-03 6.98037350e+00 5.58398588e-02 3.23595177e-04 7.13334288e-03
59               3.27187701e+00 3.18223792e-03 6.13372447e+00 3.21420687e+00 2.75248488e-03 6.12756020e+00 5.76701441e-02 4.29753034e-04 6.16426213e-03
60               3.27314543e+00 3.18930537e-03 5.22875547e+00 3.21390655e+00 2.65135594e-03 5.22347355e+00 5.92388843e-02 5.37949423e-04 5.28191834e-03
61               3.26584929e+00 3.19858136e-03 4.33163351e+00 3.20509508e+00 2.54969866e-03 4.32698480e+00 6.07542092e-02 6.48882704e-04 4.64871247e-03
62               3.24985125e+00 3.20176185e-03 3.50275348e+00 3.18779942e+00 2.45580678e-03 3.49851327e+00 6.20518286e-02 7.45955065e-04 4.24020999e-03
63               3.22680188e+00 3.22157404e-03 2.82988030e+00 3.16360939e+00 2.36386267e-03 2.82574728e+00 6.31924836e-02 8.57711365e-04 4.13301589e-03
64               3.19869463e+00 3.23278534e-03 2.30022455e+00 3.13440746e+00 2.27005885e-03 2.29604295e+00 6.42871747e-02 9.62726488e-04 4.18159436e-03
65               3.16751273e+00 3.24793545e-03 1.96619328e+00 3.10237396e+00 2.16838950e-03 1.96186678e+00 6.51387687e-02 1.07954594e-03 4.32649643e-03
66               3.13605785e+00 3.24668640e-03 1.84641482e+00 3.07033024e+00 2.05676385e-03 1.84198124e+00 6.57276009e-02 1.18992255e-03 4.43357251e-03
67               3.10665125e+00 3.16878913e-03 1.91659801e+00 3.04076937e+00 1.94299787e-03 1.91207243e+00 6.58818796e-02 1.22579127e-03 4.52558018e-03
68               3.07993339e+00 3.04722481e-03 2.16184587e+00 3.01454781e+00 1.83283591e-03 2.15730689e+00 6.53855798e-02 1.21438891e-03 4.53898162e-03
69               3.05738075e+00 2.87516462e-03 2.52466843e+00 2.99347051e+00 1.72814140e-03 2.52001902e+00 6.39102350e-02 1.14702322e-03 4.64941410e-03
70               3.04092213e+00 2.70213038e-03 2.97788275e+00 2.97964705e+00 1.65008893e-03 2.97288212e+00 6.12750843e-02 1.05204145e-03 5.00062329e-03
71               3.03176038e+00 2.63189380e-03 3.50142235e+00 2.97361199e+00 1.63518794e-03 3.49582867e+00 5.81483880e-02 9.96705856e-04 5.59367347e-03
72               3.02993095e+00 2.73155977e-03 4.06775493e+00 2.97494798e+00 1.71099529e-03 4.06157907e+00 5.49829632e-02 1.02056448e-03 6.17585824e-03
73               3.03477442e+00 2.99187544e-03 4.64390820e+00 2.98243593e+00 1.88985793e-03 4.63717132e+00 5.23384877e-02 1.10201751e-03 6.73687347e-03
74               3.04497516e+00 3.32321070e-03 5.20012604e+00 2.99462705e+00 2.14257821e-03 5.19293538e+00 5.03481091e-02 1.18063249e-03 7.19066056e-03
75               3.05912497e+00 3.62512974e-03 5.71056876e+00 3.01021620e+00 2.42048696e-03 5.70311302e+00 4.89087640e-02 1.20464278e-03 7.45573340e-03
76               3.07621476e+00 3.80742216e-03 6.15363422e+00 3.02822273e+00 2.65511535e-03 6.14606874e+00 4.79920273e-02 1.15230681e-03 7.56547994e-03
77               3.09579982e+00 3.86662486e-03 6.51325791e+00 3.04826771e+00 2.82086540e-03 6.50571087e+00 4.75321115e-02 1.04575946e-03 7.54704834e-03
78               3.11761749e+00 3.87116658e-03 6.77736325e+00 3.07042921e+00 2.92287434e-03 6.76993781e+00 4.71882811e-02 9.48292241e-04 7.42544060e-03
79               3.14247227e+00 3.82746991e-03 6.94021968e+00 3.09556495e+00 2.96026684e-03 6.93294492e+00 4.69073170e-02 8.67203079e-04 7.27475686e-03
80               3.17209577e+00 3.73187667e-03 7.01205828e+00 3.12529621e+00 2.96068455e-03 7.00489672e+00 4.67995559e-02 7.71192124e-04 7.16156742e-03
81               3.20617564e+00 3.64376531e-03 7.01448645e+00 3.15912564e+00 2.95348633e-03 7.00738207e+00 4.70500055e-02 6.90278981e-04 7.10438181e-03
82               3.23994799e+00 3.57991496e-03 6.95159426e+00 3.19253440e+00 2.94338564e-03 6.94458243e+00 4.74135836e-02 6.36529312e-04 7.01183034e-03
83               3.26949483e+00 3.55880729e-03 6.81785749e+00 3.22184668e+00 2.93901796e-03 6.81096674e+00 4.76481510e-02 6.19789327e-04 6.89075133e-03
84               3.29377601e+00 3.58502995e-03 6.60967678e+00 3.24597611e+00 2.94165148e-03 6.60287731e+00 4.77999030e-02 6.43378472e-04 6.79947457e-03
85               3.31335874e+00 3.61947101e-03 6.33195086e+00 3.26534255e+00 2.94697902e-03 6.32517327e+00 4.80161934e-02 6.72491992e-04 6.77759027e-03
86               3.32872287e+00 3.64943664e-03 5.99037979e+00 3.28029847e+00 2.95088771e-03 5.98363234e+00 4.84243939e-02 6.98548934e-04 6.74745042e-03
87               3.33985948e+00 3.67628204e-03 5.58972470e+00 3.29081535e+00 2.95158514e-03 5.58303528e+00 4.90441295e-02 7.24696900e-04 6.68942622e-03
88               3.34702038e+00 3.71765117e-03 5.13783761e+00 3.29703023e+00 2.95085862e-03 5.13123846e+00 4.99901493e-02 7.66792548e-04 6.59915401e-03
89               3.35038432e+00 3.76925316e-03 4.64738051e+00 3.29919655e+00 2.95052198e-03 4.64088557e+00 5.11877735e-02 8.18731173e-04 6.49493953e-03
90               3.35037028e+00 3.80852956e-03 4.13840589e+00 3.29767181e+00 2.94782031e-03 4.13205829e+00 5.26984666e-02 8.60709246e-04 6.34759661e-03
91               3.34629720e+00 3.84510539e-03 3.62740926e+00 3.29189700e+00 2.92997804e-03 3.62125131e+00 5.44001983e-02 9.15127350e-04 6.15795299e-03
92               3.33743679e+00 3.86245090e-03 3.12752169e+00 3.28117685e+00 2.88726691e-03 3.12161340e+00 5.62599459e-02 9.75183991e-04 5.90829027e-03
93               3.32307604e+00 3.85612975e-03 2.65016758e+00 3.26499508e+00 2.82228068e-03 2.64451829e+00 5.80809647e-02 1.03384907e-03 5.64928967e-03
94               3.30409436e+00 3.83131389e-03 2.23474803e+00 3.24435076e+00 2.75007545e-03 2.22935016e+00 5.97436015e-02 1.08123844e-03 5.39787482e-03
95               3.27882397e+00 3.80469575e-03 1.84211597e+00 3.21780246e+00 2.67212794e-03 1.83695997e+00 6.10215170e-02 1.13256781e-03 5.15600172e-03
96               3.24879705e+00 3.77707106e-03 1.50535100e+00 3.18696577e+00 2.59038542e-03 1.50043874e+00 6.18312777e-02 1.18668564e-03 4.91225984e-03
97               3.21617438e+00 3.77359298e-03 1.25446774e+00 3.15402230e+00 2.50947045e-03 1.24974089e+00 6.21520788e-02 1.26412253e-03 4.72685383e-03
98               3.18336336e+00 3.78190372e-03 1.11451219e+00 3.12130282e+00 2.43639677e-03 1.10988140e+00 6.20605426e-02 1.34550695e-03 4.63079489e-03
99               3.15219632e+00 3.81414930e-03 1.10537012e+00 3.09066702e+00 2.36885044e-03 1.10068522e+00 6.15293003e-02 1.44529887e-03 4.68489209e-03
100              3.12411533e+00 3.84644556e-03 1.24238603e+00 3.06344434e+00 2.30640781e-03 1.23759451e+00 6.06709919e-02 1.54003775e-03 4.79151570e-03
101              3.10331303e+00 3.84811447e-03 1.55301934e+00 3.04345116e+00 2.23232446e-03 1.54802960e+00 5.98618625e-02 1.61579001e-03 4.98974101e-03
102              3.08368816e+00 3.78100416e-03 1.95006250e+00 3.02524865e+00 2.14263639e-03 1.94482752e+00 5.84395051e-02 1.63836777e-03 5.23498334e-03
103              3.07081243e+00 3.67197293e-03 2.44099255e+00 3.01391318e+00 2.04397811e-03 2.43548165e+00 5.68992430e-02 1.62799482e-03 5.51089931e-03
104              3.06597168e+00 3.54406608e-03 3.00657914e+00 3.01052841e+00 1.96307039e-03 3.00081087e+00 5.54432636e-02 1.58099569e-03 5.76826805e-03
105              3.06806160e+00 3.41407087e-03 3.61341168e+00 3.01398576e+00 1.91170874e-03 3.60744787e+00 5.40758350e-02 1.50236213e-03 5.96381731e-03
106              3.07576587e+00 3.29509449e-03 4.22707540e+00 3.02301094e+00 1.88107203e-03 4.22097054e+00 5.27549322e-02 1.41402246e-03 6.10485436e-03
107              3.08763423e+00 3.22466934e-03 4.81355508e+00 3.03623782e+00 1.87193527e-03 4.80732233e+00 5.13964018e-02 1.35273407e-03 6.23274880e-03
108              3.10217922e+00 3.19314305e-03 5.31474770e+00 3.05206341e+00 1.88996057e-03 5.30835262e+00 5.01158129e-02 1.30318248e-03 6.39507983e-03
109              3.12010861e+00 3.19179665e-03 5.75777098e+00 3.07115568e+00 1.93395965e-03 5.75119727e+00 4.89529292e-02 1.25783700e-03 6.57370173e-03
110              3.14108852e+00 3.20134922e-03 6.11411803e+00 3.09300222e+00 1.99578638e-03 6.10734018e+00 4.80863010e-02 1.20556284e-03 6.77785222e-03
111              3.16459404e+00 3.21422233e-03 6.36919063e+00 3.11706751e+00 2.06780440e-03 6.36225526e+00 4.75265300e-02 1.14641792e-03 6.93537596e-03
112              3.18993583e+00 3.22064931e-03 6.51752317e+00 3.14261768e+00 2.13886921e-03 6.51054033e+00 4.73181484e-02 1.08178010e-03 6.98284565e-03
113              3.21732026e+00 3.22507212e-03 6.56728239e+00 3.16985430e+00 2.20274439e-03 6.56038302e+00 4.74659607e-02 1.02232773e-03 6.89936926e-03
114              3.24576423e+00 3.22158760e-03 6.50538831e+00 3.19782706e+00 2.26470092e-03 6.49859554e+00 4.79371640e-02 9.56886683e-04 6.79277559e-03
115              3.27370288e+00 3.24492016e-03 6.35326818e+00 3.22503187e+00 2.34908086e-03 6.34662604e+00 4.86710143e-02 8.95839299e-04 6.64214127e-03
116              3.29915815e+00 3.31377360e-03 6.12175298e+00 3.24948706e+00 2.46540625e-03 6.11526097e+00 4.96710882e-02 8.48367344e-04 6.49200906e-03
117              3.32040116e+00 3.41051583e-03 5.81669892e+00 3.26961685e+00 2.60829806e-03 5.81035394e+00 5.07843072e-02 8.02217773e-04 6.34498477e-03
118              3.33684052e+00 3.52661358e-03 5.44863062e+00 3.28487838e+00 2.76322662e-03 5.44244174e+00 5.19621472e-02 7.63386961e-04 6.18888331e-03
119              3.34853807e+00 3.63927056e-03 5.03391569e+00 3.29542303e+00 2.90972781e-03 5.02787985e+00 5.31150313e-02 7.29542754e-04 6.03584853e-03
120              3.35572396e+00 3.74770562e-03 4.59103822e+00 3.30147853e+00 3.03004715e-03 4.58514348e+00 5.42454282e-02 7.17658475e-04 5.89473942e-03
121              3.35849432e+00 3.84506437e-03 4.13810289e+00 3.30318163e+00 3.11451084e-03 4.13232383e+00 5.53126917e-02 7.30553535e-04 5.77905287e-03
122              3.35697682e+00 3.91315176e-03 3.69110695e+00 3.30064457e+00 3.16061786e-03 3.68541866e+00 5.63322409e-02 7.52533894e-04 5.68828813e-03
123              3.35198241e+00 3.95049815e-03 3.29172957e+00 3.29472955e+00 3.17060823e-03 3.28610151e+00 5.72528618e-02 7.79889921e-04 5.62806040e-03
124              3.34304402e+00 3.96239432e-03 2.90759813e+00 3.28490699e+00 3.15033404e-03 2.90202017e+00 5.81370245e-02 8.12060285e-04 5.57795696e-03
125              3.33024300e+00 3.95289672e-03 2.55955435e+00 3.27142773e+00 3.09688002e-03 2.55400641e+00 5.88152648e-02 8.56016705e-04 5.54793958e-03
126              3.31402058e+00 3.91913530e-03 2.26105392e+00 3.25470717e+00 3.01693879e-03 2.25553117e+00 5.93134092e-02 9.02196509e-04 5.52274384e-03
127              3.29488252e+00 3.85579597e-03 2.01821365e+00 3.23532768e+00 2.90215272e-03 2.01270270e+00 5.95548397e-02 9.53643249e-04 5.51095118e-03
128              3.27368436e+00 3.76177312e-03 1.83492894e+00 3.21410716e+00 2.76841154e-03 1.82943987e+00 5.95771996e-02 9.93361582e-04 5.48907350e-03
129              3.25129772e+00 3.66070273e-03 1.71430799e+00 3.19192789e+00 2.62722911e-03 1.70883605e+00 5.93698290e-02 1.03347362e-03 5.47194175e-03
130              3.22814547e+00 3.55005125e-03 1.65434646e+00 3.16915545e+00 2.48066215e-03 1.64885361e+00 5.89900177e-02 1.06938909e-03 5.49285557e-03
131              3.20544978e+00 3.44256362e-03 1.66829793e+00 3.14698369e+00 2.34062256e-03 1.66279457e+00 5.84660856e-02 1.10194106e-03 5.50335277e-03
132              3.18421236e+00 3.33980779e-03 1.74890618e+00 3.12635906e+00 2.22703218e-03 1.74335520e+00 5.78533022e-02 1.11277561e-03 5.55098428e-03
133              3.16616110e+00 3.24255126e-03 1.91824955e+00 3.10882091e+00 2.14255867e-03 1.91258510e+00 5.73401844e-02 1.09999259e-03 5.66445247e-03
134              3.14965653e+00 3.13442325e-03 2.15279735e+00 3.09292091e+00 2.06654104e-03 2.14699045e+00 5.67356217e-02 1.06788222e-03 5.80690191e-03
135              3.13543548e+00 3.00147986e-03 2.44593601e+00 3.07943950e+00 1.96802518e-03 2.43997875e+00 5.59959805e-02 1.03345468e-03 5.95726139e-03
136              3.12453268e+00 2.83844480e-03 2.79153796e+00 3.06933643e+00 1.84374953e-03 2.78545820e+00 5.51962542e-02 9.94695270e-04 6.07976215e-03
137              3.11568117e+00 2.65766851e-03 3.15479162e+00 3.06154764e+00 1.70864845e-03 3.14861188e+00 5.41335342e-02 9.49020060e-04 6.17974127e-03
138              3.11157158e+00 2.51353052e-03 3.54133520e+00 3.05841027e+00 1.59702482e-03 3.53508161e+00 5.31613018e-02 9.16505699e-04 6.25359504e-03
139              3.11239755e+00 2.39412951e-03 3.93619053e+00 3.06013859e+00 1.51745211e-03 3.92988627e+00 5.22589530e-02 8.76677402e-04 6.30425762e-03
140              3.11746694e+00 2.30781728e-03 4.32242956e+00 3.06599534e+00 1.45658093e-03 4.31610519e+00 5.14715965e-02 8.51236347e-04 6.32436174e-03
141              3.12608657e+00 2.22593248e-03 4.68498310e+00 3.07532114e+00 1.40675129e-03 4.67861565e+00 5.07654356e-02 8.19181188e-04 6.36745686e-03
142              3.13716505e+00 2.16077969e-03 4.99116997e+00 3.08696956e+00 1.36923011e-03 4.98470863e+00 5.01954934e-02 7.91549584e-04 6.46134139e-03
143              3.15118524e+00 2.09750903e-03 5.26441014e+00 3.10140564e+00 1.35137742e-03 5.25785359e+00 4.97795924e-02 7.46131612e-04 6.55654742e-03
144              3.16753724e+00 2.05937092e-03 5.48449889e+00 3.11797233e+00 1.35527050e-03 5.47786141e+00 4.95649096e-02 7.04100418e-04 6.63747745e-03
145              3.18564899e+00 2.03372335e-03 5.63952086e+00 3.13613587e+00 1.37901618e-03 5.63283521e+00 4.95131192e-02 6.54707169e-04 6.68565225e-03
146              3.20489955e+00 2.03596180e-03 5.72405328e+00 3.15525958e+00 1.41951119e-03 5.71737432e+00 4.96399718e-02 6.16450616e-04 6.67895556e-03
147              3.22503892e+00 2.05762155e-03 5.73626590e+00 3.17508500e+00 1.47338690e-03 5.72966484e+00 4.99539177e-02 5.84234654e-04 6.60106940e-03
148              3.24540236e+00 2.09543119e-03 5.66711941e+00 3.19500206e+00 1.53774976e-03 5.66059952e+00 5.04003078e-02 5.57681426e-04 6.51989063e-03
149              3.26426881e+00 2.14420611e-03 5.51165072e+00 3.21341481e+00 1.60923790e-03 5.50523694e+00 5.08540001e-02 5.34968208e-04 6.41378020e-03
150              3.28251368e+00 2.21537047e-03 5.29536761e+00 3.23095492e+00 1.70837064e-03 5.28907317e+00 5.15587649e-02 5.06999834e-04 6.29443375e-03
151              3.29856982e+00 2.32893438e-03 5.02907980e+00 3.24617905e+00 1.84805284e-03 5.02292799e+00 5.23907614e-02 4.80881543e-04 6.15180041e-03
152              3.31064131e+00 2.47477442e-03 4.71887990e+00 3.25734765e+00 2.02922206e-03 4.71290003e+00 5.32936570e-02 4.45552365e-04 5.97986584e-03
153              3.31942135e+00 2.64308839e-03 4.38990962e+00 3.26513318e+00 2.23679594e-03 4.38408814e+00 5.42881757e-02 4.06292454e-04 5.82148266e-03
154              3.32408115e+00 2.80183762e-03 4.04762810e+00 3.26885462e+00 2.43827302e-03 4.04191037e+00 5.52265254e-02 3.63564603e-04 5.71772941e-03
155              3.32457405e+00 2.94675928e-03 3.70585610e+00 3.26845730e+00 2.60464594e-03 3.70017478e+00 5.61167511e-02 3.42113338e-04 5.68131682e-03
156              3.32170440e+00 3.05633734e-03 3.38033433e+00 3.26471630e+00 2.72116011e-03 3.37463034e+00 5.69880972e-02 3.35177235e-04 5.70399848e-03
157              3.31636950e+00 3.13960414e-03 3.10399828e+00 3.25860581e+00 2.78463248e-03 3.09825436e+00 5.77636874e-02 3.54971662e-04 5.74391971e-03
158              3.30828339e+00 3.19709999e-03 2.85369338e+00 3.24986753e+00 2.80094555e-03 2.84790971e+00 5.84158669e-02 3.96154441e-04 5.78367374e-03
159              3.29748968e+00 3.23514337e-03 2.64257459e+00 3.23864090e+00 2.78386593e-03 2.63675268e+00 5.88487772e-02 4.51277437e-04 5.82190689e-03
160              3.28427603e+00 3.25470475e-03 2.47677249e+00 3.22520491e+00 2.74970799e-03 2.47093445e+00 5.90711226e-02 5.04996757e-04 5.83804087e-03
161              3.26906728e+00 3.27789688e-03 2.35550404e+00 3.21003787e+00 2.71662297e-03 2.34967429e+00 5.90294134e-02 5.61273903e-04 5.82974925e-03
162              3.25254121e+00 3.29810897e-03 2.27679775e+00 3.19378403e+00 2.70186767e-03 2.27100345e+00 5.87571805e-02 5.96241301e-04 5.79430025e-03
163              3.23542698e+00 3.32417694e-03 2.23988049e+00 3.17715729e+00 2.71573683e-03 2.23412688e+00 5.82696823e-02 6.08440114e-04 5.75360597e-03
164              3.21786411e+00 3.35988152e-03 2.24332885e+00 3.16023656e+00 2.76599925e-03 2.23760271e+00 5.76275475e-02 5.93882269e-04 5.72614659e-03
165              3.20095352e+00 3.41227188e-03 2.30700452e+00 3.14401612e+00 2.84657291e-03 2.30129278e+00 5.69373999e-02 5.65698966e-04 5.71173657e-03
166              3.18407040e+00 3.48622518e-03 2.40995562e+00 3.12781788e+00 2.94443016e-03 2.40421847e+00 5.62525245e-02 5.41795021e-04 5.73714418e-03
167              3.16808765e+00 3.57396719e-03 2.54936937e+00 3.11252944e+00 3.03946293e-03 2.54355791e+00 5.55582027e-02 5.34504258e-04 5.81146353e-03
168              3.15398268e+00 3.66057364e-03 2.72641452e+00 3.09905388e+00 3.11132550e-03 2.72049497e+00 5.49287932e-02 5.49248136e-04 5.91955413e-03
169              3.14238784e+00 3.72437480e-03 2.94172980e+00 3.08806853e+00 3.14751677e-03 2.93567074e+00 5.43193132e-02 5.76858031e-04 6.05905518e-03
170              3.13384797e+00 3.74509931e-03 3.19353109e+00 3.08008559e+00 3.13889225e-03 3.18732534e+00 5.37623812e-02 6.06207057e-04 6.20575540e-03
171              3.12857955e+00 3.69100487e-03 3.47488595e+00 3.07539611e+00 3.08413294e-03 3.46854072e+00 5.31834396e-02 6.06871930e-04 6.34522845e-03
172              3.12524059e+00 3.58027183e-03 3.75910656e+00 3.07278170e+00 2.98304556e-03 3.75265923e+00 5.24588867e-02 5.97226269e-04 6.44733311e-03
173              3.12553369e+00 3.42397383e-03 4.04940475e+00 3.07373138e+00 2.84985464e-03 4.04289521e+00 5.18023080e-02 5.74119192e-04 6.50954008e-03
174              3.12954520e+00 3.24883044e-03 4.33420651e+00 3.07826501e+00 2.69260726e-03 4.32767899e+00 5.12801844e-02 5.56223175e-04 6.52751875e-03
175              3.13680703e+00 3.04969229e-03 4.60347822e+00 3.08593171e+00 2.51334997e-03 4.59694466e+00 5.08753237e-02 5.36342316e-04 6.53355953e-03
176              3.14622835e+00 2.86365699e-03 4.83346389e+00 3.09561793e+00 2.33724893e-03 4.82688621e+00 5.06104197e-02 5.26408056e-04 6.57768696e-03
177              3.15814429e+00 2.67695486e-03 5.04258829e+00 3.10770465e+00 2.17275408e-03 5.03596138e+00 5.04396416e-02 5.04200782e-04 6.62691678e-03
178              3.17206781e+00 2.52134825e-03 5.21575795e+00 3.12162710e+00 2.03599964e-03 5.20908836e+00 5.04407135e-02 4.85348610e-04 6.66959103e-03
179              3.18735609e+00 2.40572377e-03 5.34151007e+00 3.13679884e+00 1.93598361e-03 5.33481689e+00 5.05572537e-02 4.69740161e-04 6.69317913e-03
180              3.20350636e+00 2.33437606e-03 5.41235885e+00 3.15266901e+00 1.86319236e-03 5.40568397e+00 5.08373570e-02 4.71183703e-04 6.67488070e-03
181              3.22033873e+00 2.28327250e-03 5.42080808e+00 3.16909318e+00 1.80735822e-03 5.41421945e+00 5.12455557e-02 4.75914278e-04 6.58862605e-03
182              3.23658998e+00 2.24289380e-03 5.34504529e+00 3.18490907e+00 1.75413768e-03 5.33856839e+00 5.16809160e-02 4.88756118e-04 6.47689966e-03
183              3.25342936e+00 2.20436442e-03 5.20544980e+00 3.20120062e+00 1.71209529e-03 5.19911192e+00 5.22287418e-02 4.92269127e-04 6.33788142e-03
184              3.27031121e+00 2.18049826e-03 5.01699947e+00 3.21742064e+00 1.69371290e-03 5.01081911e+00 5.28905626e-02 4.86785360e-04 6.18036182e-03
185              3.28496411e+00 2.17814889e-03 4.78559269e+00 3.23138994e+00 1.70790394e-03 4.77959810e+00 5.35741735e-02 4.70244958e-04 5.99459540e-03
186              3.29559180e+00 2.20508860e-03 4.51566460e+00 3.24130247e+00 1.75651151e-03 4.50985278e+00 5.42893275e-02 4.48577090e-04 5.81181906e-03
187              3.30192463e+00 2.26516607e-03 4.21841306e+00 3.24694143e+00 1.83460479e-03 4.21273240e+00 5.49832018e-02 4.30561283e-04 5.68065852e-03
188              3.30560734e+00 2.33580331e-03 3.91999683e+00 3.24988364e+00 1.93191917e-03 3.91436603e+00 5.57236952e-02 4.03884138e-04 5.63079837e-03
189              3.30669254e+00 2.40933064e-03 3.63189306e+00 3.25030969e+00 2.02132085e-03 3.62623088e+00 5.63828482e-02 3.88009792e-04 5.66218599e-03
190              3.30489894e+00 2.46660911e-03 3.36469584e+00 3.24791099e+00 2.08747622e-03 3.35895506e+00 5.69879436e-02 3.79132887e-04 5.74078078e-03
191              3.30071622e+00 2.51584200e-03 3.14373184e+00 3.24320493e+00 2.13141780e-03 3.13789983e+00 5.75112871e-02 3.84424206e-04 5.83200988e-03
192              3.29408347e+00 2.55995985e-03 2.94971667e+00 3.23613318e+00 2.16171505e-03 2.94379748e+00 5.79502884e-02 3.98244798e-04 5.91919356e-03
193              3.28500286e+00 2.62619591e-03 2.79144548e+00 3.22679950e+00 2.19639976e-03 2.78545560e+00 5.82033550e-02 4.29796145e-04 5.98988242e-03
194              3.27372265e+00 2.70115797e-03 2.67095407e+00 3.21542011e+00 2.24983185e-03 2.66492775e+00 5.83025393e-02 4.51326126e-04 6.02631833e-03
195              3.26063277e+00 2.79810045e-03 2.58493481e+00 3.20243765e+00 2.33597957e-03 2.57891815e+00 5.81951174e-02 4.62120872e-04 6.01666344e-03
196              3.24633207e+00 2.91341538e-03 2.52978371e+00 3.18841796e+00 2.46680986e-03 2.52381313e+00 5.79141113e-02 4.46605526e-04 5.97058333e-03
197              3.23084168e+00 3.05433513e-03 2.50036569e+00 3.17340238e+00 2.66521545e-03 2.49444870e+00 5.74392968e-02 3.89119681e-04 5.91699620e-03
198              3.21492965e+00 3.23033343e-03 2.51583684e+00 3.15807481e+00 2.91778889e-03 2.50998342e+00 5.68548397e-02 3.12544540e-04 5.85341721e-03
199              3.19849612e+00 3.42431304e-03 2.56138167e+00 3.14226952e+00 3.19746334e-03 2.55557331e+00 5.62265980e-02 2.26849694e-04 5.80836266e-03
200              3.18234682e+00 3.63529732e-03 2.63607333e+00 3.12672521e+00 3.46587733e-03 2.63027315e+00 5.56216123e-02 1.69419988e-04 5.80018782e-03
201              3.16725810e+00 3.84239336e-03 2.74251112e+00 3.11220988e+00 3.68972824e-03 2.73667159e+00 5.50482231e-02 1.52665127e-04 5.83953176e-03
202              3.15396494e+00 4.04269866e-03 2.88404503e+00 3.09944378e+00 3.84968455e-03 2.87811546e+00 5.45211621e-02 1.93014109e-04 5.92956817e-03
203              3.14319126e+00 4.19109937e-03 3.06457405e+00 3.08920650e+00 3.93919111e-03 3.05851122e+00 5.39847580e-02 2.51908264e-04 6.06283214e-03
204              3.13544653e+00 4.27515116e-03 3.28447713e+00 3.08196154e+00 3.96441672e-03 3.27825552e+00 5.34849989e-02 3.10734436e-04 6.22160707e-03
205              3.13086551e+00 4.25490332e-03 3.53832343e+00 3.07790602e+00 3.92439475e-03 3.53194871e+00 5.29594863e-02 3.30508565e-04 6.37471938e-03
206              3.12794576e+00 4.13533885e-03 3.80023374e+00 3.07563543e+00 3.80854290e-03 3.79374738e+00 5.23103287e-02 3.26795945e-04 6.48636504e-03
207              3.12836823e+00 3.94161379e-03 4.07266634e+00 3.07662755e+00 3.62432609e-03 4.06611356e+00 5.17406764e-02 3.17287703e-04 6.55278384e-03
208              3.13222611e+00 3.70328716e-03 4.34342058e+00 3.08088639e+00 3.38717658e-03 4.33684152e+00 5.13397218e-02 3.16110585e-04 6.57905891e-03
209              3.13905464e+00 3.42358073e-03 4.60072128e+00 3.08800486e+00 3.10455482e-03 4.59413490e+00 5.10497871e-02 3.19025914e-04 6.58637193e-03
210              3.14794486e+00 3.14508595e-03 4.82163442e+00 3.09705124e+00 2.81709153e-03 4.81501828e+00 5.08936190e-02 3.27994425e-04 6.61613852e-03
211              3.15921799e+00 2.86457375e-03 5.02174621e+00 3.10843718e+00 2.53565158e-03 5.01510623e+00 5.07808034e-02 3.28922172e-04 6.63997026e-03
212              3.17249534e+00 2.61045153e-03 5.18677879e+00 3.12169102e+00 2.27890675e-03 5.18011761e+00 5.08043174e-02 3.31544771e-04 6.66118462e-03
213              3.18715804e+00 2.40189526e-03 5.30514584e+00 3.13624624e+00 2.05765096e-03 5.29847571e+00 5.09117959e-02 3.44244304e-04 6.67013156e-03
214              3.20313418e+00 2.24421596e-03 5.37134310e+00 3.15193985e+00 1.86028418e-03 5.36471284e+00 5.11943275e-02 3.83931779e-04 6.63026864e-03
215              3.21899392e+00 2.10748385e-03 5.35742586e+00 3.16749624e+00 1.67997237e-03 5.35087096e+00 5.14976762e-02 4.27511480e-04 6.55490005e-03
216              3.23577813e+00 1.99055936e-03 5.27708248e+00 3.18380867e+00 1.52777833e-03 5.27064218e+00 5.19694557e-02 4.62781022e-04 6.44029958e-03
217              3.25328584e+00 1.88837215e-03 5.14100619e+00 3.20073859e+00 1.40978034e-03 5.13470718e+00 5.25472509e-02 4.78591811e-04 6.29900255e-03
218              3.27022261e+00 1.80635327e-03 4.95818529e+00 3.21702616e+00 1.33024658e-03 4.95205748e+00 5.31964430e-02 4.76106692e-04 6.12780983e-03
219              3.28438533e+00 1.74545631e-03 4.73281826e+00 3.23051558e+00 1.29241491e-03 4.72688574e+00 5.38697494e-02 4.53041395e-04 5.93252175e-03
220              3.29437418e+00 1.72141509e-03 4.47099332e+00 3.23980623e+00 1.29917612e-03 4.46523167e+00 5.45679462e-02 4.22238968e-04 5.76164844e-03
221              3.30103947e+00 1.74149769e-03 4.19526820e+00 3.24573708e+00 1.35773093e-03 4.18961496e+00 5.53023898e-02 3.83766756e-04 5.65324038e-03
222              3.30407888e+00 1.78322567e-03 3.91248639e+00 3.24812606e+00 1.43975484e-03 3.90685186e+00 5.59528204e-02 3.43470822e-04 5.63452524e-03
223              3.30366812e+00 1.83916767e-03 3.63514661e+00 3.24714251e+00 1.52614543e-03 3.62946708e+00 5.65256093e-02 3.13022235e-04 5.67953586e-03
224              3.30065706e+00 1.88543636e-03 3.37669231e+00 3.24359137e+00 1.60609327e-03 3.37091484e+00 5.70656956e-02 2.79343090e-04 5.77747027e-03
225              3.29579115e+00 1.93763403e-03 3.16284421e+00 3.23826463e+00 1.68293451e-03 3.15697255e+00 5.75265183e-02 2.54699523e-04 5.87166376e-03
226              3.28887211e+00 2.00790745e-03 2.97458871e+00 3.23097966e+00 1.76330695e-03 2.96863720e+00 5.78924491e-02 2.44600492e-04 5.95151016e-03
227              3.27990184e+00 2.12275122e-03 2.82105156e+00 3.22181896e+00 1.86081239e-03 2.81504053e+00 5.80828812e-02 2.61938831e-04 6.01103645e-03
228              3.26898056e+00 2.26674300e-03 2.70461832e+00 3.21087366e+00 1.98788205e-03 2.69858358e+00 5.81069003e-02 2.78860952e-04 6.03473831e-03
229              3.25641690e+00 2.42938303e-03 2.62289834e+00 3.19847943e+00 2.15606454e-03 2.61688288e+00 5.79374689e-02 2.73318496e-04 6.01545859e-03
230              3.24226732e+00 2.62622784e-03 2.56741786e+00 3.18468531e+00 2.38513293e-03 2.56143981e+00 5.75820028e-02 2.41094910e-04 5.97804766e-03
231              3.22743090e+00 2.84619708e-03 2.54822145e+00 3.17037098e+00 2.69650056e-03 2.54231482e+00 5.70599264e-02 1.49696521e-04 5.90663134e-03
232              3.21219946e+00 3.10131046e-03 2.57019733e+00 3.15572324e+00 3.07034575e-03 2.56434373e+00 5.64762170e-02 3.09647083e-05 5.85359721e-03
233              3.19632030e+00 3.37711898e-03 2.62044809e+00 3.14046407e+00 3.47101525e-03 2.61461393e+00 5.58562303e-02 -9.38962642e-05 5.83415350e-03
234              3.18069784e+00 3.67892316e-03 2.69917453e+00 3.12542569e+00 3.85427195e-03 2.69332601e+00 5.52721534e-02 -1.75348795e-04 5.84851414e-03
235              3.16618911e+00 3.99267552e-03 2.80893736e+00 3.11145778e+00 4.18082206e-03 2.80302952e+00 5.47313305e-02 -1.88146549e-04 5.90783889e-03
236              3.15360591e+00 4.29242169e-03 2.95315206e+00 3.09935804e+00 4.43152736e-03 2.94714241e+00 5.42478759e-02 -1.39105670e-04 6.00964488e-03
237              3.14361901e+00 4.52712015e-03 3.13482186e+00 3.08985266e+00 4.60288290e-03 3.12867260e+00 5.37663430e-02 -7.57627442e-05 6.14925843e-03
238              3.13665681e+00 4.67695261e-03 3.35340886e+00 3.08336106e+00 4.69949478e-03 3.34710397e+00 5.32957464e-02 -2.25421752e-05 6.30488136e-03
239              3.13141036e+00 4.69311603e-03 3.58654011e+00 3.07875824e+00 4.69749017e-03 3.58009864e+00 5.26521182e-02 -4.37413835e-06 6.44147416e-03
240              3.12971204e+00 4.60915097e-03 3.84068752e+00 3.07762858e+00 4.60277958e-03 3.83414759e+00 5.20834586e-02 6.37138764e-06 6.53992972e-03
241              3.13153436e+00 4.42568051e-03 4.10452557e+00 3.07989996e+00 4.40518601e-03 4.09793165e+00 5.16343929e-02 2.04945045e-05 6.59391230e-03
242              3.13634969e+00 4.15792114e-03 4.36487219e+00 3.08504283e+00 4.10072597e-03 4.35825779e+00 5.13068625e-02 5.71951659e-05 6.61440118e-03
243              3.14375487e+00 3.80607940e-03 4.61074300e+00 3.09268073e+00 3.70371550e-03 4.60412407e+00 5.10741429e-02 1.02363904e-04 6.61892250e-03
244              3.15291237e+00 3.43252895e-03 4.82039272e+00 3.10197198e+00 3.28607821e-03 4.81374867e+00 5.09403935e-02 1.46450746e-04 6.64405069e-03
245              3.16429310e+00 3.05125394e-03 5.00790383e+00 3.11342193e+00 2.86714495e-03 5.00124353e+00 5.08711710e-02 1.84108987e-04 6.66029589e-03
246              3.17754201e+00 2.70020928e-03 5.15951242e+00 3.12660965e+00 2.47569722e-03 5.15283573e+00 5.09323656e-02 2.24512063e-04 6.67669856e-03
247              3.19205062e+00 2.41085238e-03 5.26309442e+00 3.14094686e+00 2.12844325e-03 5.25642362e+00 5.11037634e-02 2.82409123e-04 6.67079969e-03
248              3.20767442e+00 2.17936596e-03 5.31147895e+00 3.15624860e+00 1.80926296e-03 5.30487054e+00 5.14258241e-02 3.70103001e-04 6.60840685e-03
249              3.22311917e+00 1.96781877e-03 5.27900222e+00 3.17132852e+00 1.51490798e-03 5.27249460e+00 5.17906496e-02 4.52910790e-04 6.50762398e-03
250              3.23940419e+00 1.78527637e-03 5.18061623e+00 3.18712058e+00 1.26771515e-03 5.17424649e+00 5.22836068e-02 5.17561223e-04 6.36974254e-03
251              3.25634785e+00 1.62072573e-03 5.02924814e+00 3.20346224e+00 1.07384749e-03 5.02303459e+00 5.28856048e-02 5.46878239e-04 6.21354724e-03
252              3.27235328e+00 1.47737174e-03 4.83392944e+00 3.21883866e+00 9.29375100e-04 4.82789661e+00 5.35146149e-02 5.47996645e-04 6.03282396e-03
253              3.28537858e+00 1.35262344e-03 4.60022344e+00 3.23118131e+00 8.32577427e-04 4.59438238e+00 5.41972686e-02 5.20046011e-04 5.84105592e-03
254              3.29415636e+00 1.26036210e-03 4.33559495e+00 3.23929307e+00 7.88867634e-04 4.32989661e+00 5.48632893e-02 4.71494463e-04 5.69834617e-03
255              3.29974593e+00 1.22749434e-03 4.06238433e+00 3.24417365e+00 8.20957260e-04 4.05675139e+00 5.55722725e-02 4.06537077e-04 5.63293729e-03
256              3.30199490e+00 1.23772407e-03 3.78836988e+00 3.24582394e+00 9.00099825e-04 3.78272180e+00 5.61709594e-02 3.37624249e-04 5.64808232e-03
257              3.30103121e+00 1.27771371e-03 3.52521148e+00 3.24432523e+00 1.00913263e-03 3.51949562e+00 5.67059810e-02 2.68581074e-04 5.71586296e-03
258              3.29759152e+00 1.32523397e-03 3.29810791e+00 3.24042896e+00 1.13644882e-03 3.29229560e+00 5.71625662e-02 1.88785155e-04 5.81231485e-03
259              3.29211769e+00 1.39311978e-03 3.09262857e+00 3.23453635e+00 1.28327814e-03 3.08671581e+00 5.75813378e-02 1.09841634e-04 5.91276783e-03
260              3.28455962e+00 1.50593196e-03 2.91951939e+00 3.22671477e+00 1.45252042e-03 2.91352682e+00 5.78448435e-02 5.34115324e-05 5.99256362e-03
261              3.27515898e+00 1.67396715e-03 2.78338970e+00 3.21716329e+00 1.64123964e-03 2.77734538e+00 5.79956916e-02 3.27275046e-05 6.04432632e-03
262              3.26393737e+00 1.87647924e-03 2.68196027e+00 3.20596060e+00 1.85691001e-03 2.67590447e+00 5.79767674e-02 1.95692302e-05 6.05579344e-03
263              3.25128357e+00 2.10017632e-03 2.61235857e+00 3.19347045e+00 2.10777224e-03 2.60633243e+00 5.78131184e-02 -7.59592077e-06 6.02614051e-03
264              3.23707776e+00 2.35285841e-03 2.56681482e+00 3.17961948e+00 2.43758064e-03 2.56083413e+00 5.74582862e-02 -8.47222240e-05 5.98069335e-03
265              3.22237562e+00 2.65028903e-03 2.55499557e+00 3.16542568e+00 2.84542722e-03 2.54909209e+00 5.69499392e-02 -1.95138188e-04 5.90348255e-03
266              3.20740470e+00 2.98253627e-03 2.58347131e+00 3.15102801e+00 3.31811321e-03 2.57761742e+00 5.63766947e-02 -3.35576935e-04 5.85388611e-03
267              3.19194487e+00 3.34720490e-03 2.64037209e+00 3.13614170e+00 3.80530456e-03 2.63452934e+00 5.58031672e-02 -4.58099655e-04 5.84275064e-03
268              3.17684481e+00 3.73970734e-03 2.72614950e+00 3.12162806e+00 4.25856029e-03 2.72028451e+00 5.52167468e-02 -5.18852942e-04 5.86499133e-03
269              3.16319120e+00 4.13932901e-03 2.84508736e+00 3.10850483e+00 4.63977260e-03 2.83915074e+00 5.46863696e-02 -5.00443581e-04 5.93661795e-03
270              3.15163901e+00 4.50037753e-03 2.99998161e+00 3.09747016e+00 4.93868023e-03 2.99393055e+00 5.41688540e-02 -4.38302705e-04 6.05106215e-03
271              3.14277054e+00 4.79093416e-03 3.19253635e+00 3.08911003e+00 5.15750974e-03 3.18633665e+00 5.36605065e-02 -3.66575580e-04 6.19969413e-03
272              3.13680890e+00 4.99270483e-03 3.42001095e+00 3.08365679e+00 5.29774417e-03 3.41366008e+00 5.31521083e-02 -3.05039343e-04 6.35086810e-03
273              3.13239523e+00 5.03317746e-03 3.65928492e+00 3.07989845e+00 5.31279811e-03 3.65280822e+00 5.24967725e-02 -2.79620647e-04 6.47669678e-03
274              3.13133610e+00 4.95748172e-03 3.91546812e+00 3.07938888e+00 5.20382028e-03 3.90890328e+00 5.19472236e-02 -2.46338564e-04 6.56483604e-03
275              3.13367279e+00 4.75419472e-03 4.17692481e+00 3.08214785e+00 4.95046173e-03 4.17030927e+00 5.15249340e-02 -1.96267013e-04 6.61554405e-03
276              3.13902762e+00 4.42744136e-03 4.43085071e+00 3.08779324e+00 4.55110129e-03 4.42421613e+00 5.12343728e-02 -1.23659932e-04 6.63458020e-03
277              3.14701766e+00 3.99622010e-03 4.66680493e+00 3.09598890e+00 4.03519983e-03 4.66017053e+00 5.10287612e-02 -3.89797238e-05 6.63439599e-03
278              3.15677457e+00 3.53836088e-03 4.86447632e+00 3.10585148e+00 3.50041572e-03 4.85782511e+00 5.09230886e-02 3.79451566e-05 6.65121403e-03
279              3.16866728e+00 3.08219359e-03 5.03741497e+00 3.11778070e+00 2.97020608e-03 5.03075215e+00 5.08865843e-02 1.11987509e-04 6.66281717e-03
280              3.18226389e+00 2.68203408e-03 5.17167136e+00 3.13126085e+00 2.46843960e-03 5.16500069e+00 5.10030344e-02 2.13594481e-04 6.67066847e-03
281              3.19722839e+00 2.32647430e-03 5.25934209e+00 3.14597426e+00 1.99744776e-03 5.25271009e+00 5.12541232e-02 3.29026532e-04 6.63199923e-03
282              3.21217096e+00 2.02394106e-03 5.26941155e+00 3.16059140e+00 1.57675837e-03 5.26284402e+00 5.15795611e-02 4.47182686e-04 6.56752969e-03
283              3.22795684e+00 1.78562730e-03 5.21328412e+00 3.17592894e+00 1.23792932e-03 5.20683890e+00 5.20278963e-02 5.47697981e-04 6.44521959e-03
284              3.24448201e+00 1.59376907e-03 5.09912113e+00 3.19189248e+00 9.77782330e-04 5.09282977e+00 5.25895358e-02 6.15986741e-04 6.29135764e-03
285              3.26086008e+00 1.42011735e-03 4.93531349e+00 3.20766124e+00 7.78424803e-04 4.92919792e+00 5.31988415e-02 6.41692542e-04 6.11557053e-03
286              3.27551934e+00 1.25310988e-03 4.72981744e+00 3.22167377e+00 6.21357319e-04 4.72388737e+00 5.38455695e-02 6.31752566e-04 5.93006953e-03
287              3.28677614e+00 1.08915889e-03 4.48980471e+00 3.23226597e+00 5.05673421e-04 4.48403927e+00 5.45101669e-02 5.83485465e-04 5.76543717e-03
288              3.29383480e+00 9.58038186e-04 4.22392459e+00 3.23866719e+00 4.43441657e-04 4.21825942e+00 5.51676024e-02 5.14596529e-04 5.66516746e-03
289              3.29792857e+00 8.89366834e-04 3.95448443e+00 3.24209977e+00 4.70742463e-04 3.94884326e+00 5.58287979e-02 4.18624371e-04 5.64116955e-03
290              3.29907099e+00 8.72174763e-04 3.69024638e+00 3.24267666e+00 5.53213595e-04 3.68456293e+00 5.63943289e-02 3.18961167e-04 5.68345099e-03
291              3.29717798e+00 8.81890465e-04 3.44127139e+00 3.24032204e+00 6.70635741e-04 3.43550920e+00 5.68559387e-02 2.11254724e-04 5.76219002e-03
292              3.29295416e+00 9.13094566e-04 3.23038772e+00 3.23569039e+00 8.11090395e-04 3.22453185e+00 5.72637636e-02 1.02004171e-04 5.85587244e-03
293              3.28681832e+00 9.82789138e-04 3.04254483e+00 3.22923060e+00 9.74105751e-04 3.03659265e+00 5.75877167e-02 8.68338669e-06 5.95218225e-03
294              3.27891244e+00 1.11741964e-03 2.88809027e+00 3.22110867e+00 1.16231990e-03 2.88206692e+00 5.78037683e-02 -4.49002538e-05 6.02334742e-03
295              3.26933842e+00 1.32735954e-03 2.76998800e+00 3.21147032e+00 1.37383379e-03 2.76392126e+00 5.78681013e-02 -4.64742494e-05 6.06674059e-03
296              3.25816281e+00 1.57562366e-03 2.68590920e+00 3.20034881e+00 1.61920731e-03 2.67983895e+00 5.78139977e-02 -4.35836488e-05 6.07024523e-03
297              3.24517167e+00 1.85882735e-03 2.62573994e+00 3.18760292e+00 1.92209907e-03 2.61968530e+00 5.75687458e-02 -6.32717239e-05 6.05463981e-03
298              3.23120114e+00 2.16439415e-03 2.59927874e+00 3.17401725e+00 2.32869379e-03 2.59329517e+00 5.71838832e-02 -1.64299637e-04 5.98356987e-03
299              3.21650358e+00 2.52924806e-03 2.61020719e+00 3.15982360e+00 2.84379123e-03 2.60427909e+00 5.66799808e-02 -3.14543170e-04 5.92810011e-03
300              3.20109824e+00 2.95110364e-03 2.64773114e+00 3.14497430e+00 3.44267746e-03 2.64183589e+00 5.61239435e-02 -4.91573814e-04 5.89525092e-03
301              3.18587445e+00 3.42149681e-03 2.71347246e+00 3.13034905e+00 4.07421963e-03 2.70758243e+00 5.55254024e-02 -6.52722825e-04 5.89003637e-03
302              3.17164707e+00 3.95009934e-03 2.80966286e+00 3.11666796e+00 4.67164918e-03 2.80374126e+00 5.49791068e-02 -7.21549844e-04 5.92160000e-03
303              3.15909449e+00 4.46818507e-03 2.93909330e+00 3.10465261e+00 5.18420328e-03 2.93308875e+00 5.44418830e-02 -7.16018209e-04 6.00455430e-03
304              3.14885353e+00 4.93675953e-03 3.10377912e+00 3.09491780e+00 5.59820214e-03 3.09764990e+00 5.39357256e-02 -6.61442605e-04 6.12922174e-03
305              3.14130338e+00 5.32228108e-03 3.30360803e+00 3.08789824e+00 5.91433991e-03 3.29733249e+00 5.34051377e-02 -5.92058829e-04 6.27554549e-03
306              3.13534647e+00 5.55380014e-03 3.51847380e+00 3.08258472e+00 6.08385092e-03 3.51206150e+00 5.27617550e-02 -5.30050786e-04 6.41229812e-03
307              3.13278281e+00 5.64900321e-03 3.75702755e+00 3.08060663e+00 6.11617824e-03 3.75050217e+00 5.21761838e-02 -4.67175021e-04 6.52537455e-03
308              3.13365106e+00 5.57489271e-03 4.00921797e+00 3.08190469e+00 5.97244619e-03 4.00261431e+00 5.17463718e-02 -3.97553476e-04 6.60366212e-03
309              3.13747773e+00 5.31070070e-03 4.26195201e+00 3.08604962e+00 5.62023197e-03 4.25530773e+00 5.14281121e-02 -3.09531273e-04 6.64428436e-03
310              3.14388725e+00 4.87154001e-03 4.50310438e+00 3.09266730e+00 5.07960984e-03 4.49645144e+00 5.12199454e-02 -2.08069832e-04 6.65293299e-03
311              3.15254113e+00 4.31030854e-03 4.72228022e+00 3.10145797e+00 4.40558575e-03 4.71563930e+00 5.10831645e-02 -9.52772090e-05 6.64091963e-03
312              3.16320302e+00 3.69910396e-03 4.91147149e+00 3.11215314e+00 3.70293355e-03 4.90484110e+00 5.10498829e-02 -3.82959538e-06 6.63038838e-03
313              3.17549547e+00 3.11854976e-03 5.06203125e+00 3.12439166e+00 3.02239896e-03 5.05540286e+00 5.11038089e-02 9.61507923e-05 6.62838665e-03
314              3.18904810e+00 2.62581148e-03 5.16603016e+00 3.13779013e+00 2.38708088e-03 5.15941880e+00 5.12579720e-02 2.38730605e-04 6.61136095e-03
315              3.20352689e+00 2.20616488e-03 5.21744460e+00 3.15198548e+00 1.81704878e-03 5.21087795e+00 5.15414108e-02 3.89116103e-04 6.56664804e-03
316              3.21786752e+00 1.83896359e-03 5.19901943e+00 3.16596076e+00 1.30568732e-03 5.19252896e+00 5.19067617e-02 5.33276267e-04 6.49047485e-03
317              3.23303242e+00 1.54289753e-03 5.12010893e+00 3.18063029e+00 8.99962544e-04 5.11374055e+00 5.24021280e-02 6.42934982e-04 6.36837692e-03
318              3.24856667e+00 1.30568932e-03 4.98769490e+00 3.19560315e+00 5.97109873e-04 4.98148751e+00 5.29635230e-02 7.08579448e-04 6.20739371e-03
319              3.26346102e+00 1.09817764e-03 4.80997671e+00 3.20989378e+00 3.71695459e-04 4.80395288e+00 5.35672456e-02 7.26482183e-04 6.02383836e-03
320              3.27631237e+00 8.94967114e-04 4.59602002e+00 3.22211859e+00 1.97457271e-04 4.59016693e+00 5.41937747e-02 6.97509842e-04 5.85309716e-03
321              3.28579549e+00 6.96190926e-04 4.35403758e+00 3.23095365e+00 7.04654116e-05 4.34830694e+00 5.48418350e-02 6.25725515e-04 5.73064568e-03
322              3.29225965e+00 5.45793992e-04 4.10309173e+00 3.23674932e+00 3.26574736e-05 4.09741682e+00 5.55103287e-02 5.13136518e-04 5.67491230e-03
323              3.29521610e+00 4.38570512e-04 3.84809072e+00 3.23912115e+00 5.91471250e-05 3.84240362e+00 5.60949420e-02 3.79423386e-04 5.68710540e-03
324              3.29463767e+00 3.80046836e-04 3.59840468e+00 3.23806769e+00 1.45548841e-04 3.59266442e+00 5.65699883e-02 2.34497995e-04 5.74025211e-03
325              3.29139212e+00 3.68937536e-04 3.36618081e+00 3.23441036e+00 2.83445444e-04 3.36035376e+00 5.69817608e-02 8.54920917e-05 5.82704769e-03
326              3.28620944e+00 3.97548805e-04 3.16146863e+00 3.22889085e+00 4.60869319e-04 3.15554141e+00 5.73185980e-02 -6.33205144e-05 5.92722469e-03
327              3.27970022e+00 4.95728745e-04 3.00210334e+00 3.22213560e+00 6.72626776e-04 2.99610741e+00 5.75646204e-02 -1.76898031e-04 5.99592767e-03
328              3.27161145e+00 6.80444147e-04 2.86891823e+00 3.21389916e+00 9.20749583e-04 2.86287277e+00 5.77122848e-02 -2.40305436e-04 6.04546127e-03
329              3.26196065e+00 9.44810012e-04 2.76712098e+00 3.20423851e+00 1.21229170e-03 2.76105035e+00 5.77221370e-02 -2.67481685e-04 6.07063059e-03
330              3.25050989e+00 1.29264298e-03 2.68999085e+00 3.19293950e+00 1.57023630e-03 2.68390339e+00 5.75703928e-02 -2.77593321e-04 6.08746719e-03
331              3.23790895e+00 1.68244359e-03 2.64960599e+00 3.18065053e+00 2.00575661e-03 2.64355592e+00 5.72584198e-02 -3.23313027e-04 6.05007847e-03
332              3.22456194e+00 2.09902210e-03 2.63732487e+00 3.16774319e+00 2.52470793e-03 2.63133188e+00 5.68187541e-02 -4.25685825e-04 5.99299275e-03
333              3.21076163e+00 2.55392267e-03 2.66121308e+00 3.15443223e+00 3.12687946e-03 2.65525217e+00 5.63294029e-02 -5.72956787e-04 5.96091092e-03
334              3.19636573e+00 3.04174656e-03 2.71077504e+00 3.14059852e+00 3.78160058e-03 2.70482447e+00 5.57672074e-02 -7.39854021e-04 5.95057058e-03
335              3.18249008e+00 3.58468601e-03 2.78818485e+00 3.12728415e+00 4.44529641e-03 2.78221516e+00 5.52059242e-02 -8.60610398e-04 5.96968551e-03
336              3.16989196e+00 4.16101173e-03 2.89567795e+00 3.11523444e+00 5.07182287e-03 2.88965631e+00 5.46575131e-02 -9.10811139e-04 6.02164031e-03
337              3.15913205e+00 4.72515601e-03 3.03470299e+00 3.10499152e+00 5.62573061e-03 3.02858660e+00 5.41405234e-02 -9.00574591e-04 6.11638802e-03
338              3.15055841e+00 5.24171535e-03 3.20480309e+00 3.09693013e+00 6.09463595e-03 3.19856597e+00 5.36282793e-02 -8.52920599e-04 6.23712581e-03
339              3.14332802e+00 5.63291116e-03 3.38858830e+00 3.09033963e+00 6.42117965e-03 3.38222585e+00 5.29883832e-02 -7.88268491e-04 6.36244864e-03
340              3.13925677e+00 5.91736809e-03 3.59762023e+00 3.08682293e+00 6.61930927e-03 3.59114074e+00 5.24338376e-02 -7.01941176e-04 6.47949336e-03
341              3.13840517e+00 6.03246976e-03 3.82507194e+00 3.08641596e+00 6.63704549e-03 3.81849079e+00 5.19892059e-02 -6.04575728e-04 6.58114902e-03
342              3.14042502e+00 5.92925468e-03 4.05999279e+00 3.08876599e+00 6.42062420e-03 4.05334336e+00 5.16590386e-02 -4.91369525e-04 6.64942884e-03
343              3.14500016e+00 5.59126133e-03 4.29125681e+00 3.09358626e+00 5.95735403e-03 4.28457849e+00 5.14139035e-02 -3.66092707e-04 6.67832226e-03
344              3.15179640e+00 5.05805554e-03 4.50771756e+00 3.10053401e+00 5.28475686e-03 4.50104518e+00 5.12623911e-02 -2.26701324e-04 6.67238444e-03
345              3.16055329e+00 4.39446381e-03 4.70014397e+00 3.10937702e+00 4.48152756e-03 4.69349509e+00 5.11762761e-02 -8.70637509e-05 6.64887664e-03
346              3.17106965e+00 3.69747910e-03 4.86119729e+00 3.11985235e+00 3.64105740e-03 4.85457030e+00 5.12173015e-02 5.64216999e-05 6.62699052e-03
347              3.18291756e+00 3.04763499e-03 4.98302997e+00 3.13156357e+00 2.83890172e-03 4.97642079e+00 5.13539960e-02 2.08733266e-04 6.60917890e-03
348              3.19574489e+00 2.50039430e-03 5.05812179e+00 3.14413178e+00 2.12470606e-03 5.05154666e+00 5.16131099e-02 3.75688239e-04 6.57512981e-03
349              3.20874846e+00 2.04422432e-03 5.07011096e+00 3.15680097e+00 1.49889262e-03 5.06360465e+00 5.19474891e-02 5.45331701e-04 6.50630286e-03
350              3.22266367e+00 1.70587220e-03 5.02403657e+00 3.17025110e+00 1.00096687e-03 5.01764375e+00 5.24125706e-02 7.04905328e-04 6.39282097e-03
351              3.23716391e+00 1.43380764e-03 4.92494627e+00 3.18423796e+00 6.16708163e-04 4.91870651e+00 5.29259504e-02 8.17099474e-04 6.23975775e-03
352              3.25146433e+00 1.19391370e-03 4.77867851e+00 3.19796604e+00 3.21082588e-04 4.77261492e+00 5.34982901e-02 8.72831116e-04 6.06358805e-03
353              3.26461977e+00 9.53049881e-04 4.59472242e+00 3.21051390e+00 8.44565126e-05 4.58881541e+00 5.41058669e-02 8.68593368e-04 5.90701100e-03
354              3.27551388e+00 7.01704399e-04 4.38327638e+00 3.22077951e+00 -1.07362412e-04 4.37749118e+00 5.47343729e-02 8.09066811e-04 5.78520540e-03
355              3.28388156e+00 4.76391663e-04 4.16241107e+00 3.22850851e+00 -2.16257419e-04 4.15668950e+00 5.53730462e-02 6.92649082e-04 5.72156666e-03
356              3.28854729e+00 2.74048690e-04 3.93363257e+00 3.23259969e+00 -2.69184111e-04 3.92792521e+00 5.59476038e-02 5.43232801e-04 5.70736517e-03
357              3.28919042e+00 1.15397430e-04 3.70311206e+00 3.23278887e+00 -2.52478783e-04 3.69737094e+00 5.64015487e-02 3.67876212e-04 5.74112458e-03
358              3.28677673e+00 1.53699723e-05 3.48206386e+00 3.22997134e+00 -1.59356996e-04 3.47625701e+00 5.68053884e-02 1.74726968e-04 5.80685119e-03
359              3.28216610e+00 -2.12428415e-05 3.28030245e+00 3.22507131e+00 1.71935887e-06 3.27440532e+00 5.70947932e-02 -2.29622004e-05 5.89713124e-03
360              3.27617392e+00 2.03063248e-05 3.10623263e+00 3.21882183e+00 2.17864296e-04 3.10025629e+00 5.73520848e-02 -1.97557971e-04 5.97633628e-03
361              3.26893343e+00 1.66710634e-04 2.96362731e+00 3.21145669e+00 4.82641499e-04 2.95758564e+00 5.74767384e-02 -3.15930865e-04 6.04166903e-03
362              3.26054563e+00 4.15065919e-04 2.85413440e+00 3.20301571e+00 7.94020211e-04 2.84806343e+00 5.75299214e-02 -3.78954292e-04 6.07097538e-03
363              3.25076742e+00 7.51719306e-04 2.77566722e+00 3.19334957e+00 1.15407259e-03 2.76958316e+00 5.74178571e-02 -4.02353284e-04 6.08406802e-03
364              3.23979202e+00 1.15307038e-03 2.72659202e+00 3.18258084e+00 1.57293442e-03 2.72052225e+00 5.72111778e-02 -4.19864037e-04 6.06977060e-03
365              3.22776323e+00 1.59276670e-03 2.70399990e+00 3.17092926e+00 2.06644965e-03 2.69795180e+00 5.68339714e-02 -4.73682950e-04 6.04810139e-03
366              3.21531292e+00 2.05568557e-03 2.70768261e+00 3.15891176e+00 2.64334164e-03 2.70166128e+00 5.64011591e-02 -5.87656068e-04 6.02133328e-03
367              3.20279672e+00 2.56845903e-03 2.74783525e+00 3.14690755e+00 3.30924216e-03 2.74181207e+00 5.58891673e-02 -7.40783136e-04 6.02318016e-03
368              3.19019426e+00 3.14482226e-03 2.81449614e+00 3.13482023e+00 4.02332162e-03 2.80845506e+00 5.53740353e-02 -8.78499355e-04 6.04108466e-03
369              3.17829437e+00 3.76833613e-03 2.90800219e+00 3.12348854e+00 4.74150901e-03 2.90191772e+00 5.48058370e-02 -9.73172884e-04 6.08447508e-03
370              3.16782940e+00 4.40725961e-03 3.02935298e+00 3.11354203e+00 5.41809493e-03 3.02319789e+00 5.42873651e-02 -1.01083532e-03 6.15508854e-03
371              3.15908201e+00 5.00732694e-03 3.17754828e+00 3.10533192e+00 6.01177491e-03 3.17129730e+00 5.37500910e-02 -1.00444797e-03 6.25097935e-03
372              3.15144957e+00 5.48324332e-03 3.33631115e+00 3.09830759e+00 6.44718442e-03 3.32996268e+00 5.31419773e-02 -9.63941103e-04 6.34847008e-03
373              3.14655389e+00 5.87094019e-03 3.51763351e+00 3.09396997e+00 6.75404795e-03 3.51118061e+00 5.25839268e-02 -8.83107755e-04 6.45290659e-03
374              3.14457059e+00 6.12142618e-03 3.71732549e+00 3.09240810e+00 6.88436484e-03 3.71077256e+00 5.21624963e-02 -7.62938663e-04 6.55292882e-03
375              3.14524323e+00 6.16340692e-03 3.92715497e+00 3.09342082e+00 6.78072881e-03 3.92051280e+00 5.18224116e-02 -6.17321895e-04 6.64217045e-03
376              3.14842637e+00 5.95974254e-03 4.13812679e+00 3.09684934e+00 6.41458280e-03 4.13143002e+00 5.15770263e-02 -4.54840267e-04 6.69676520e-03
377              3.15380837e+00 5.51367837e-03 4.34025619e+00 3.10241120e+00 5.79866479e-03 4.33354241e+00 5.13971705e-02 -2.84986427e-04 6.71377089e-03
378              3.16112910e+00 4.87733407e-03 4.52430050e+00 3.10982636e+00 4.99364654e-03 4.51760808e+00 5.13027379e-02 -1.16312472e-04 6.69241681e-03
379              3.17010773e+00 4.14318478e-03 4.68215684e+00 3.11880267e+00 4.09584385e-03 4.67549765e+00 5.13050611e-02 4.73409289e-05 6.65919199e-03
380              3.18045494e+00 3.41847040e-03 4.80685786e+00 3.12902804e+00 3.19827861e-03 4.80023592e+00 5.14268991e-02 2.20191790e-04 6.62193540e-03
381              3.19183131e+00 2.76943636e-03 4.89128767e+00 3.14016989e+00 2.36672110e-03 4.88470653e+00 5.16614136e-02 4.02715266e-04 6.58114752e-03
382              3.20361834e+00 2.21903373e-03 4.91986050e+00 3.15162520e+00 1.62369179e-03 4.91335099e+00 5.19931374e-02 5.95341945e-04 6.50951370e-03
383              3.21640877e+00 1.79735085e-03 4.89576480e+00 3.16398702e+00 1.01733599e-03 4.88935510e+00 5.24217533e-02 7.80014855e-04 6.40969718e-03
384              3.22977777e+00 1.46709047e-03 4.82168846e+00 3.17686151e+00 5.41824940e-04 4.81541792e+00 5.29162620e-02 9.25265528e-04 6.27053834e-03
385              3.24302311e+00 1.19028634e-03 4.70213300e+00 3.18957631e+00 1.80683613e-04 4.69602255e+00 5.34467961e-02 1.00960273e-03 6.11044833e-03
386              3.25534592e+00 9.33123786e-04 4.54394753e+00 3.20130162e+00 -9.04162069e-05 4.53798868e+00 5.40443010e-02 1.02353999e-03 5.95884659e-03
387              3.26598149e+00 6.76693031e-04 4.35646351e+00 3.21132914e+00 -2.93087813e-04 4.35062000e+00 5.46523448e-02 9.69780844e-04 5.84350558e-03
388              3.27424263e+00 4.24263914e-04 4.15014885e+00 3.21899847e+00 -4.37248361e-04 4.14437674e+00 5.52441650e-02 8.61512275e-04 5.77211404e-03
389              3.28005189e+00 2.05104816e-04 3.94157793e+00 3.22423437e+00 -4.79614936e-04 3.93583531e+00 5.58175205e-02 6.84719752e-04 5.74261323e-03
390              3.28246694e+00 1.25513954e-05 3.73217403e+00 3.22617078e+00 -4.55466220e-04 3.72642889e+00 5.62961569e-02 4.68017616e-04 5.74513522e-03
391              3.28128042e+00 -1.37321540e-04 3.52734652e+00 3.22462159e+00 -3.63311733e-04 3.52156590e+00 5.66588351e-02 2.25990193e-04 5.78061543e-03
392              3.27732532e+00 -2.14802711e-04 3.33486052e+00 3.22038725e+00 -2.03769671e-04 3.32901766e+00 5.69380692e-02 -1.10330401e-05 5.84285331e-03
393              3.27169163e+00 -2.21145238e-04 3.16342242e+00 3.21454724e+00 1.28200450e-05 3.15749901e+00 5.71443894e-02 -2.33965283e-04 5.92341553e-03
394              3.26505303e+00 -1.30114378e-04 3.01919752e+00 3.20778642e+00 2.74760181e-04 3.01320126e+00 5.72666083e-02 -4.04874559e-04 5.99625579e-03
395              3.25764404e+00 7.19125371e-05 2.90583309e+00 3.20033123e+00 5.75282022e-04 2.89978000e+00 5.73128102e-02 -5.03369485e-04 6.05309358e-03
396              3.24924557e+00 3.77587798e-04 2.82273652e+00 3.19200040e+00 9.14101913e-04 2.81665079e+00 5.72451633e-02 -5.36514115e-04 6.08572808e-03
397              3.23978936e+00 7.65112722e-04 2.76892118e+00 3.18271830e+00 1.29828274e-03 2.76281738e+00 5.70710568e-02 -5.33170017e-04 6.10379850e-03
398              3.22930006e+00 1.20448168e-03 2.74196508e+00 3.17252606e+00 1.74168339e-03 2.73586154e+00 5.67739931e-02 -5.37201705e-04 6.10354272e-03
399              3.21818663e+00 1.67524678e-03 2.74146441e+00 3.16179984e+00 2.25859868e-03 2.73536573e+00 5.63867857e-02 -5.83351901e-04 6.09867626e-03
400              3.20687941e+00 2.18193010e-03 2.76658439e+00 3.15097809e+00 2.85633389e-03 2.76048992e+00 5.59013211e-02 -6.74403795e-04 6.09447413e-03
401              3.19601016e+00 2.73648187e-03 2.81827328e+00 3.14064558e+00 3.52256381e-03 2.81216517e+00 5.53645742e-02 -7.86081940e-04 6.10811244e-03
402              3.18628478e+00 3.36762445e-03 2.90829626e+00 3.13142314e+00 4.24875849e-03 2.90214391e+00 5.48616415e-02 -8.81134045e-04 6.15234602e-03
403              3.17708496e+00 4.03112458e-03 3.02333914e+00 3.12272654e+00 4.96887141e-03 3.01711251e+00 5.43584200e-02 -9.37746829e-04 6.22663388e-03
404              3.16880252e+00 4.68621843e-03 3.16034577e+00 3.11496067e+00 5.63892105e-03 3.15403882e+00 5.38418454e-02 -9.52702620e-04 6.30694904e-03
405              3.16115705e+00 5.23570070e-03 3.30425937e+00 3.10790650e+00 6.16910110e-03 3.29787092e+00 5.32505432e-02 -9.33400393e-04 6.38845104e-03
406              3.15568327e+00 5.69819040e-03 3.46551454e+00 3.10294726e+00 6.57296695e-03 3.45905158e+00 5.27360044e-02 -8.74776544e-04 6.46295467e-03
407              3.15265271e+00 6.03549133e-03 3.64134812e+00 3.10033647e+00 6.80415834e-03 3.63479860e+00 5.23162373e-02 -7.68667003e-04 6.54952576e-03
408              3.15204009e+00 6.20605855e-03 3.82616994e+00 3.10003709e+00 6.81524869e-03 3.81954128e+00 5.20029967e-02 -6.09190143e-04 6.62865683e-03
409              3.15380606e+00 6.15914491e-03 4.01353783e+00 3.10206651e+00 6.57752311e-03 4.00683849e+00 5.17395499e-02 -4.18378203e-04 6.69933990e-03
410              3.15783587e+00 5.87499673e-03 4.19565914e+00 3.10627767e+00 6.08428938e-03 4.18892378e+00 5.15581952e-02 -2.09292645e-04 6.73535965e-03
411              3.16384468e+00 5.37346753e-03 4.36436934e+00 3.11242575e+00 5.37341260e-03 4.35762938e+00 5.14189218e-02 5.49273135e-08 6.73996269e-03
412              3.17157299e+00 4.71755201e-03 4.51215951e+00 3.12015814e+00 4.51699745e-03 4.50545496e+00 5.14148508e-02 2.00554565e-04 6.70454947e-03
413              3.18058800e+00 3.99934279e-03 4.63156565e+00 3.12909474e+00 3.60551216e-03 4.62490783e+00 5.14932567e-02 3.93830633e-04 6.65782367e-03
414              3.19066728e+00 3.31896310e-03 4.71657527e+00 3.13893376e+00 2.72104207e-03 4.70997849e+00 5.17335161e-02 5.97921032e-04 6.59678000e-03
415              3.20123627e+00 2.70112686e-03 4.75347574e+00 3.14920092e+00 1.90057965e-03 4.74695543e+00 5.20353510e-02 8.00547211e-04 6.52030501e-03
416              3.21274982e+00 2.21158293e-03 4.74335046e+00 3.16030059e+00 1.20888701e-03 4.73693624e+00 5.24492261e-02 1.00269592e-03 6.41421652e-03
417              3.22484609e+00 1.82307355e-03 4.68888437e+00 3.17195046e+00 6.52996338e-04 4.68258796e+00 5.28956303e-02 1.17007722e-03 6.29641345e-03
418              3.23681097e+00 1.49930510e-03 4.59286600e+00 3.18337547e+00 2.29302890e-04 4.58670881e+00 5.34355089e-02 1.27000221e-03 6.15718799e-03
419              3.24783410e+00 1.20806656e-03 4.45955057e+00 3.19383273e+00 -7.89036780e-05 4.45351972e+00 5.40013701e-02 1.28697024e-03 6.03084930e-03
420              3.25739816e+00 9.36850540e-04 4.29569874e+00 3.20276332e+00 -2.88756833e-04 4.28978334e+00 5.46348482e-02 1.22560737e-03 5.91539947e-03
421              3.26506725e+00 6.80882263e-04 4.11037254e+00 3.20985150e+00 -4.20581648e-04 4.10453266e+00 5.52157497e-02 1.10146391e-03 5.83987250e-03
422              3.27113816e+00 4.55813622e-04 3.92160238e+00 3.21532236e+00 -4.51461393e-04 3.91581501e+00 5.58158054e-02 9.07275014e-04 5.78737350e-03
423              3.27419143e+00 2.37492017e-04 3.73025300e+00 3.21791759e+00 -4.34526016e-04 3.72448596e+00 5.62738476e-02 6.72018033e-04 5.76704713e-03
424              3.27365304e+00 3.50230179e-05 3.53973609e+00 3.21700219e+00 -3.67677341e-04 3.53397463e+00 5.66508507e-02 4.02700359e-04 5.76146093e-03
425              3.27012204e+00 -1.13967531e-04 3.35722208e+00 3.21321742e+00 -2.39570380e-04 3.35142414e+00 5.69046209e-02 1.25602849e-04 5.79794000e-03
426              3.26473207e+00 -1.90888512e-04 3.19161044e+00 3.20762306e+00 -5.23491532e-05 3.18575687e+00 5.71090121e-02 -1.38539359e-04 5.85356976e-03
427              3.25822943e+00 -1.73798082e-04 3.04981703e+00 3.20104148e+00 1.83494319e-04 3.04388730e+00 5.71879506e-02 -3.57292401e-04 5.92973755e-03
428              3.25118887e+00 -4.51003181e-05 2.93733614e+00 3.19396273e+00 4.57453243e-04 2.93133907e+00 5.72261438e-02 -5.02553562e-04 5.99706968e-03
429              3.24344829e+00 1.98467268e-04 2.85523830e+00 3.18631846e+00 7.64386948e-04 2.84918101e+00 5.71298236e-02 -5.65919680e-04 6.05728968e-03
430              3.23495945e+00 5.35947184e-04 2.80330462e+00 3.17798656e+00 1.10671843e-03 2.79720519e+00 5.69728938e-02 -5.70771244e-04 6.09943130e-03
431              3.22558441e+00 9.41577370e-04 2.77984331e+00 3.16891347e+00 1.49582342e-03 2.77370689e+00 5.66709454e-02 -5.54246052e-04 6.13642308e-03
432              3.21573842e+00 1.39165249e-03 2.78450260e+00 3.15940462e+00 1.94511477e-03 2.77834062e+00 5.63337986e-02 -5.53462280e-04 6.16198106e-03
433              3.20572681e+00 1.88435524e-03 2.81596834e+00 3.14986471e+00 2.46724650e-03 2.80977606e+00 5.58620997e-02 -5.82891262e-04 6.19227718e-03
434              3.19625992e+00 2.42303578e-03 2.87428223e+00 3.14086524e+00 3.06330514e-03 2.86806284e+00 5.53946853e-02 -6.40269364e-04 6.21939092e-03
435              3.18760255e+00 2.99839427e-03 2.95780337e+00 3.13276457e+00 3.72047194e-03 2.95153808e+00 5.48379793e-02 -7.22077670e-04 6.26529101e-03
436              3.18048425e+00 3.65305610e-03 3.07538800e+00 3.12609271e+00 4.44252614e-03 3.06906106e+00 5.43915346e-02 -7.89470042e-04 6.32693302e-03
437              3.17384432e+00 4.32028316e-03 3.21106422e+00 3.11996078e+00 5.14356899e-03 3.20466719e+00 5.38835366e-02 -8.23285835e-04 6.39702589e-03
438              3.16737106e+00 4.90572958e-03 3.34896222e+00 3.11401416e+00 5.72855648e-03 3.34251086e+00 5.33569042e-02 -8.22826896e-04 6.45135739e-03
439              3.16239864e+00 5.41193071e-03 3.49724277e+00 3.10955214e+00 6.19847207e-03 3.49073939e+00 5.28465069e-02 -7.86541363e-04 6.50338153e-03
440              3.15941381e+00 5.80440831e-03 3.65361829e+00 3.10694506e+00 6.49749592e-03 3.64706150e+00 5.24687552e-02 -6.93087609e-04 6.55679257e-03
441              3.15850558e+00 6.04213284e-03 3.81410438e+00 3.10635237e+00 6.58104806e-03 3.80748077e+00 5.21532136e-02 -5.38915226e-04 6.62361546e-03
442              3.15982037e+00 6.08913272e-03 3.97448339e+00 3.10788251e+00 6.42333142e-03 3.96780034e+00 5.19378643e-02 -3.34198705e-04 6.68305160e-03
443              3.16321040e+00 5.92274344e-03 4.12913657e+00 3.11145993e+00 6.02322845e-03 4.12240438e+00 5.17504757e-02 -1.00485005e-04 6.73219129e-03
444              3.16849064e+00 5.56313091e-03 4.27151955e+00 3.11684886e+00 5.40903227e-03 4.26477322e+00 5.16417823e-02 1.54098646e-04 6.74633937e-03
445              3.17531572e+00 5.05456781e-03 4.39498625e+00 3.12370588e+00 4.63863488e-03 4.38825649e+00 5.16098318e-02 4.15932933e-04 6.72976274e-03
446              3.18334558e+00 4.45412425e-03 4.49292425e+00 3.13162486e+00 3.78593491e-03 4.48625444e+00 5.17207253e-02 6.68189341e-04 6.66981019e-03
447              3.19223141e+00 3.83776624e-03 4.55964910e+00 3.14029599e+00 2.92285960e-03 4.55305501e+00 5.19354112e-02 9.14906637e-04 6.59409071e-03
448              3.20163269e+00 3.22812933e-03 4.58442800e+00 3.14936565e+00 2.08917856e-03 4.57793711e+00 5.22670324e-02 1.13895077e-03 6.49089172e-03
449              3.21175902e+00 2.70447829e-03 4.56860606e+00 3.15912875e+00 1.35685769e-03 4.56223058e+00 5.26302691e-02 1.34762060e-03 6.37547397e-03
450              3.22236202e+00 2.25404724e-03 4.51530996e+00 3.16929794e+00 7.43809389e-04 4.50906005e+00 5.30640752e-02 1.51023785e-03 6.24991076e-03
451              3.23281652e+00 1.86568568e-03 4.42821827e+00 3.17926878e+00 2.59758470e-04 4.42207308e+00 5.35477335e-02 1.60592721e-03 6.14519391e-03
452              3.24239863e+00 1.51787618e-03 4.31141712e+00 3.18829335e+00 -9.46403922e-05 4.30536478e+00 5.41052806e-02 1.61251658e-03 6.05234520e-03
453              3.25039330e+00 1.19905919e-03 4.16892979e+00 3.19571445e+00 -3.28515149e-04 4.16295194e+00 5.46788500e-02 1.52757434e-03 5.97784857e-03
454              3.25649679e+00 8.98189247e-04 4.00616966e+00 3.20123615e+00 -4.54457483e-04 4.00025614e+00 5.52606428e-02 1.35264673e-03 5.91352012e-03
455              3.26135141e+00 6.48704027e-04 3.83910944e+00 3.20554949e+00 -4.52843636e-04 3.83324013e+00 5.58019219e-02 1.10154766e-03 5.86930851e-03
456              3.26408790e+00 4.02247342e-04 3.67019829e+00 3.20782549e+00 -4.00871354e-04 3.66436505e+00 5.62624075e-02 8.03118697e-04 5.83324290e-03
457              3.26386488e+00 1.69073966e-04 3.50244962e+00 3.20726423e+00 -3.09429896e-04 3.49664352e+00 5.66006563e-02 4.78503862e-04 5.80609715e-03
458              3.26081017e+00 -1.92604116e-05 3.34015274e+00 3.20393574e+00 -1.72547128e-04 3.33435076e+00 5.68744326e-02 1.53286717e-04 5.80197261e-03
459              3.25566168e+00 -1.35893547e-04 3.19023594e+00 3.19861076e+00 9.32159355e-06 3.18440750e+00 5.70509226e-02 -1.45215141e-04 5.82843104e-03
460              3.24927997e+00 -1.59959054e-04 3.05947381e+00 3.19212872e+00 2.27501542e-04 3.05359668e+00 5.71512486e-02 -3.87460596e-04 5.87713147e-03
461              3.24225442e+00 -7.37790036e-05 2.95380990e+00 3.18510156e+00 4.72361034e-04 2.94786828e+00 5.71528566e-02 -5.46140038e-04 5.94162414e-03
462              3.23476391e+00 1.25982300e-04 2.87623291e+00 3.17768673e+00 7.38738876e-04 2.87022836e+00 5.70771834e-02 -6.12756576e-04 6.00455247e-03
463              3.22674756e+00 4.14797091e-04 2.82794502e+00 3.16985426e+00 1.03051739e-03 2.82187760e+00 5.68933003e-02 -6.15720298e-04 6.06742644e-03
464              3.21823901e+00 7.75167723e-04 2.80912443e+00 3.16161681e+00 1.35882320e-03 2.80299948e+00 5.66222045e-02 -5.83655480e-04 6.12494523e-03
465              3.20947574e+00 1.19147811e-03 2.81994503e+00 3.15321945e+00 1.73946165e-03 2.81376145e+00 5.62562893e-02 -5.47983535e-04 6.18358445e-03
466              3.20091169e+00 1.66557689e-03 2.85979052e+00 3.14508513e+00 2.18632417e-03 2.85355216e+00 5.58265550e-02 -5.20747279e-04 6.23835803e-03
467              3.19309677e+00 2.18724898e-03 2.92853983e+00 3.13775272e+00 2.70628118e-03 2.92223880e+00 5.53440491e-02 -5.19032199e-04 6.30102950e-03
468              3.18628645e+00 2.74790068e-03 3.02344620e+00 3.13143832e+00 3.29601365e-03 3.01708238e+00 5.48481381e-02 -5.48112971e-04 6.36381966e-03
469              3.18047574e+00 3.32970495e-03 3.13979095e+00 3.12614853e+00 3.93632959e-03 3.13336260e+00 5.43272084e-02 -6.06624643e-04 6.42835259e-03
470              3.17553175e+00 3.93019485e-03 3.27109282e+00 3.12170539e+00 4.58836642e-03 3.26461381e+00 5.38263596e-02 -6.58171567e-04 6.47901038e-03
471              3.17138390e+00 4.52162582e-03 3.41146071e+00 3.11803336e+00 5.19886890e-03 3.40493560e+00 5.33505444e-02 -6.77243082e-04 6.52510739e-03
472              3.16816400e+00 5.06825408e-03 3.55588090e+00 3.11519789e+00 5.70614080e-03 3.54932420e+00 5.29661124e-02 -6.37886727e-04 6.55669234e-03
473              3.16609812e+00 5.51341495e-03 3.70029394e+00 3.11346392e+00 6.05384844e-03 3.69370568e+00 5.26342020e-02 -5.40433483e-04 6.58826041e-03
474              3.16558428e+00 5.82362068e-03 3.84182717e+00 3.11318040e+00 6.20307065e-03 3.83520872e+00 5.24038739e-02 -3.79449972e-04 6.61845476e-03
475              3.16681128e+00 5.96057119e-03 3.97733130e+00 3.11459817e+00 6.13385569e-03 3.97067421e+00 5.22131069e-02 -1.73284496e-04 6.65708476e-03
476              3.16986624e+00 5.93036455e-03 4.10311275e+00 3.11777543e+00 5.84876184e-03 4.09643064e+00 5.20908055e-02 8.16027170e-05 6.68211501e-03
477              3.17455730e+00 5.73226939e-03 4.21440039e+00 3.12256093e+00 5.37260319e-03 4.20770729e+00 5.19963670e-02 3.59666192e-04 6.69309946e-03
478              3.18063106e+00 5.40399614e-03 4.30625630e+00 3.12860602e+00 4.74899501e-03 4.29958704e+00 5.20250441e-02 6.55001135e-04 6.66926266e-03
479              3.18764136e+00 4.97784151e-03 4.37319852e+00 3.13551157e+00 4.02965555e-03 4.36658529e+00 5.21297863e-02 9.48185962e-04 6.61323244e-03
480              3.19536066e+00 4.47016968e-03 4.40674085e+00 3.14297156e+00 3.25699939e-03 4.40022333e+00 5.23890958e-02 1.21317029e-03 6.51752121e-03
481              3.20383577e+00 3.94459944e-03 4.40676417e+00 3.15116893e+00 2.48502881e-03 4.40036253e+00 5.26668372e-02 1.45957064e-03 6.40163750e-03
482              3.21296323e+00 3.42030310e-03 4.37588640e+00 3.15993516e+00 1.75355245e-03 4.36960940e+00 5.30280683e-02 1.66675065e-03 6.27700263e-03
483              3.22218746e+00 2.91966318e-03 4.31676482e+00 3.16881204e+00 1.09731866e-03 4.31059179e+00 5.33754195e-02 1.82234453e-03 6.17302964e-03
484              3.23110202e+00 2.45484179e-03 4.23398701e+00 3.17726059e+00 5.46284311e-04 4.22788901e+00 5.38414308e-02 1.90855747e-03 6.09800077e-03
485              3.23876520e+00 2.03077626e-03 4.12984744e+00 3.18446968e+00 1.21088438e-04 4.12379452e+00 5.42955203e-02 1.90968782e-03 6.05292238e-03
486              3.24526179e+00 1.67436043e-03 4.01494308e+00 3.19040789e+00 -1.30462267e-04 4.00892427e+00 5.48538944e-02 1.80482270e-03 6.01881236e-03
487              3.24970437e+00 1.31687377e-03 3.88611126e+00 3.19435854e+00 -2.80685150e-04 3.88011174e+00 5.53458252e-02 1.59755892e-03 5.99951918e-03
488              3.25206910e+00 9.67298840e-04 3.74589588e+00 3.19622954e+00 -3.36881627e-04 3.73992962e+00 5.58395566e-02 1.30418047e-03 5.96625879e-03
489              3.25248259e+00 6.53837082e-04 3.59933041e+00 3.19627282e+00 -3.03547859e-04 3.59339902e+00 5.62097783e-02 9.57384942e-04 5.93138447e-03
490              3.25120946e+00 3.92881369e-04 3.45256625e+00 3.19463111e+00 -1.92263288e-04 3.44668403e+00 5.65783544e-02 5.85144656e-04 5.88221417e-03
491              3.24807557e+00 2.12212512e-04 3.31024799e+00 3.19125827e+00 -1.91523185e-05 3.30440253e+00 5.68173074e-02 2.31364831e-04 5.84545788e-03
492              3.24336646e+00 1.23264786e-04 3.17872070e+00 3.18633964e+00 1.95158248e-04 3.17289881e+00 5.70268210e-02 -7.18934623e-05 5.82189250e-03
493              3.23724716e+00 1.31774598e-04 3.06312142e+00 3.18017346e+00 4.27208751e-04 3.05728517e+00 5.70736964e-02 -2.95434152e-04 5.83624751e-03
494              3.23032199e+00 2.29263325e-04 2.96941975e+00 3.17325656e+00 6.59021901e-04 2.96354177e+00 5.70654317e-02 -4.29758576e-04 5.87797796e-03
495              3.22281467e+00 3.96369043e-04 2.90133246e+00 3.16591720e+00 8.84465102e-04 2.89538551e+00 5.68974621e-02 -4.88096059e-04 5.94695020e-03
496              3.21516183e+00 6.21657507e-04 2.86272301e+00 3.15847838e+00 1.11355438e-03 2.85669675e+00 5.66834476e-02 -4.91896869e-04 6.02625967e-03
497              3.20744528e+00 9.01466984e-04 2.85496476e+00 3.15111493e+00 1.36624864e-03 2.84884846e+00 5.63303465e-02 -4.64781656e-04 6.11630556e-03
498              3.20012057e+00 1.25843498e-03 2.87933916e+00 3.14413923e+00 1.66531385e-03 2.87313368e+00 5.59813386e-02 -4.06878868e-04 6.20547979e-03
499              3.19340675e+00 1.67930989e-03 2.93518139e+00 3.13786793e+00 2.03188530e-03 2.92888279e+00 5.55388201e-02 -3.52575408e-04 6.29860178e-03
500              3.18772559e+00 2.15980141e-03 3.02097317e+00 3.13259589e+00 2.48182257e-03 3.01458806e+00 5.51297033e-02 -3.22021161e-04 6.38511120e-03
501              3.18300194e+00 2.67632630e-03 3.13146164e+00 3.12835289e+00 3.01422053e-03 3.12499768e+00 5.46490514e-02 -3.37894233e-04 6.46396435e-03
502              3.17922473e+00 3.22109837e-03 3.25982441e+00 3.12500262e+00 3.60873464e-03 3.25330022e+00 5.42221098e-02 -3.87636273e-04 6.52418941e-03
503              3.17606140e+00 3.78012411e-03 3.39746975e+00 3.12228070e+00 4.22527558e-03 3.39090028e+00 5.37806992e-02 -4.45151476e-04 6.56946806e-03
504              3.17351067e+00 4.34756613e-03 3.53723634e+00 3.12007829e+00 4.81092004e-03 3.53064535e+00 5.34323774e-02 -4.63353913e-04 6.59099734e-03
505              3.17156603e+00 4.89020338e-03 3.67259111e+00 3.11845634e+00 5.30570964e-03 3.66599080e+00 5.31096907e-02 -4.15506261e-04 6.60030900e-03
506              3.17060253e+00 5.36288320e-03 3.79970602e+00 3.11771516e+00 5.66045432e-03 3.79310531e+00 5.28873683e-02 -2.97571111e-04 6.60071266e-03
507              3.17087664e+00 5.72242678e-03 3.91613444e+00 3.11818900e+00 5.84384536e-03 3.90953199e+00 5.26876412e-02 -1.21418575e-04 6.60244949e-03
508              3.17272408e+00 5.94110515e-03 4.02088121e+00 3.12015872e+00 5.84052707e-03 4.01427559e+00 5.25653627e-02 1.00578074e-04 6.60562062e-03
509              3.17616183e+00 6.01470819e-03 4.11219148e+00 3.12370534e+00 5.64841228e-03 4.10558314e+00 5.24564915e-02 3.66295909e-04 6.60834109e-03
510              3.18107582e+00 5.93714338e-03 4.18749106e+00 3.12863037e+00 5.28223893e-03 4.18089852e+00 5.24454424e-02 6.54904447e-04 6.59253572e-03
511              3.18706688e+00 5.73011819e-03 4.24326166e+00 3.13456381e+00 4.77430016e-03 4.23670829e+00 5.25030635e-02 9.55818030e-04 6.55337301e-03
512              3.19383111e+00 5.40164879e-03 4.27269896e+00 3.14115249e+00 4.16633034e-03 4.26621778e+00 5.26786147e-02 1.23531845e-03 6.48117399e-03
513              3.20130821e+00 4.99061653e-03 4.27483170e+00 3.14839115e+00 3.49219238e-03 4.26844914e+00 5.29170614e-02 1.49842415e-03 6.38256227e-03
514              3.20928566e+00 4.50987107e-03 4.25095816e+00 3.15605630e+00 2.79529075e-03 4.24468649e+00 5.32293529e-02 1.71458033e-03 6.27166313e-03
515              3.21739828e+00 3.99295253e-03 4.20326322e+00 3.16383532e+00 2.12067272e-03 4.19708502e+00 5.35629593e-02 1.87227980e-03 6.17819708e-03
516              3.22521675e+00 3.46879992e-03 4.13519678e+00 3.17126574e+00 1.50691353e-03 4.12909230e+00 5.39510119e-02 1.96188639e-03 6.10448291e-03
517              3.23233472e+00 3.00052327e-03 4.05600893e+00 3.17795654e+00 1.01578438e-03 4.04994358e+00 5.43781817e-02 1.98473889e-03 6.06534920e-03
518              3.23767145e+00 2.52824610e-03 3.96132772e+00 3.18284715e+00 6.13246112e-04 3.95528527e+00 5.48242981e-02 1.91499999e-03 6.04245333e-03
519              3.24093764e+00 2.07218689e-03 3.85070457e+00 3.18569446e+00 3.15539899e-04 3.84467028e+00 5.52431808e-02 1.75664699e-03 6.03428932e-03
520              3.24253215e+00 1.65282401e-03 3.72742674e+00 3.18685797e+00 1.32925089e-04 3.72140632e+00 5.56741791e-02 1.51989892e-03 6.02042370e-03
521              3.24278705e+00 1.27739772e-03 3.59662506e+00 3.18674330e+00 6.47547045e-05 3.59063313e+00 5.60437533e-02 1.21264302e-03 5.99192985e-03
522              3.24182484e+00 9.70552136e-04 3.46332259e+00 3.18544104e+00 9.96790592e-05 3.45738302e+00 5.63837939e-02 8.70873077e-04 5.93957301e-03
523              3.23957182e+00 7.45807072e-04 3.33322413e+00 3.18292682e+00 2.15466953e-04 3.32733810e+00 5.66450010e-02 5.30340119e-04 5.88602548e-03
524              3.23593423e+00 6.19342876e-04 3.21214818e+00 3.17908523e+00 3.81496862e-04 3.20630666e+00 5.68490020e-02 2.37846014e-04 5.84151825e-03
525              3.23075849e+00 5.88594513e-04 3.10479526e+00 3.17383224e+00 5.66356898e-04 3.09896422e+00 5.69262480e-02 2.22376149e-05 5.83104465e-03
526              3.22430586e+00 6.39519731e-04 3.01564257e+00 3.16740452e+00 7.45412714e-04 3.00979165e+00 5.69013351e-02 -1.05892983e-04 5.85092567e-03
527              3.21701678e+00 7.41110014e-04 2.94912418e+00 3.16028391e+00 9.08404886e-04 2.94321505e+00 5.67328782e-02 -1.67294872e-04 5.90912694e-03
528              3.20944398e+00 8.85278561e-04 2.90895022e+00 3.15295338e+00 1.06437076e-03 2.90296182e+00 5.64905994e-02 -1.79092194e-04 5.98839197e-03
529              3.20198697e+00 1.08834558e-03 2.89794028e+00 3.14581267e+00 1.23420639e-03 2.89185160e+00 5.61743052e-02 -1.45860811e-04 6.08868877e-03
530              3.19501666e+00 1.36789390e-03 2.91755301e+00 3.13915943e+00 1.44175804e-03 2.91136297e+00 5.58572236e-02 -7.38641428e-05 6.19004414e-03
531              3.18879035e+00 1.72022301e-03 2.96812973e+00 3.13328143e+00 1.70956700e-03 2.96183501e+00 5.55089235e-02 1.06560112e-05 6.29472054e-03
532              3.18359049e+00 2.12302888e-03 3.04879243e+00 3.12842166e+00 2.05701971e-03 3.04240595e+00 5.51688253e-02 6.60091668e-05 6.38647813e-03
533              3.17943503e+00 2.55814480e-03 3.15555746e+00 3.12464436e+00 2.49154032e-03 3.14908600e+00 5.47906767e-02 6.66044814e-05 6.47146588e-03
534              3.17625989e+00 3.00824626e-03 3.28165528e+00 3.12182764e+00 3.00199528e-03 3.27512249e+00 5.44322466e-02 6.25098397e-06 6.53278927e-03
535              3.17382838e+00 3.47592933e-03 3.41852348e+00 3.11978231e+00 3.55862649e-03 3.41194856e+00 5.40460636e-02 -8.26971602e-05 6.57491162e-03
536              3.17209682e+00 3.97393957e-03 3.55798963e+00 3.11838032e+00 4.11640168e-03 3.55139897e+00 5.37164946e-02 -1.42462108e-04 6.59065775e-03
537              3.17104337e+00 4.49678912e-03 3.69279074e+00 3.11764574e+00 4.62199136e-03 3.68619571e+00 5.33976334e-02 -1.25202239e-04 6.59502503e-03
538              3.17092846e+00 5.00890238e-03 3.81796625e+00 3.11776892e+00 5.02851735e-03 3.81138006e+00 5.31595414e-02 -1.96149635e-05 6.58618610e-03
539              3.17195382e+00 5.45754837e-03 3.93048095e+00 3.11901672e+00 5.30134703e-03 3.92390728e+00 5.29370966e-02 1.56201339e-04 6.57367470e-03
540              3.17445049e+00 5.79299428e-03 4.02942533e+00 3.12166651e+00 5.41792226e-03 4.02286523e+00 5.27839789e-02 3.75072018e-04 6.56009484e-03
541              3.17849367e+00 5.98759360e-03 4.11383787e+00 3.12584091e+00 5.36723832e-03 4.10729045e+00 5.26527590e-02 6.20355281e-04 6.54742551e-03
542              3.18399959e+00 6.02860487e-03 4.18186500e+00 3.13136263e+00 5.15349266e-03 4.17534282e+00 5.26369540e-02 8.75112202e-04 6.52217486e-03
543              3.19054172e+00 5.92849873e-03 4.23037248e+00 3.13784477e+00 4.80043264e-03 4.22389576e+00 5.26969550e-02 1.12806609e-03 6.47672371e-03
544              3.19772033e+00 5.68962703e-03 4.25183138e+00 3.14482122e+00 4.34695072e-03 4.24542561e+00 5.28991029e-02 1.34267632e-03 6.40576225e-03
545              3.20536429e+00 5.35256768e-03 4.24526619e+00 3.15220431e+00 3.82349516e-03 4.23895671e+00 5.31599744e-02 1.52907252e-03 6.30947688e-03
546              3.21321153e+00 4.93915599e-03 4.21093156e+00 3.15968210e+00 3.27286726e-03 4.20472369e+00 5.35294347e-02 1.66628873e-03 6.20787186e-03
547              3.22084370e+00 4.48847589e-03 4.15008878e+00 3.16694385e+00 2.73632518e-03 4.14397056e+00 5.38998496e-02 1.75215070e-03 6.11821853e-03
548              3.22792259e+00 4.02293239e-03 4.06609745e+00 3.17356598e+00 2.24579895e-03 4.06004874e+00 5.43566110e-02 1.77713345e-03 6.04870913e-03
549              3.23403733e+00 3.60121914e-03 3.96759762e+00 3.17921829e+00 1.84849466e-03 3.96160015e+00 5.48190438e-02 1.75272449e-03 5.99747466e-03
550              3.23819929e+00 3.17897139e-03 3.85163424e+00 3.18289685e+00 1.51957966e-03 3.84566873e+00 5.53024447e-02 1.65939173e-03 5.96550894e-03
551              3.24012764e+00 2.78036782e-03 3.72035012e+00 3.18441351e+00 1.27120925e-03 3.71440865e+00 5.57141295e-02 1.50915857e-03 5.94147080e-03
552              3.24030900e+00 2.40761326e-03 3.58034009e+00 3.18418108e+00 1.11389925e-03 3.57441626e+00 5.61279222e-02 1.29371401e-03 5.92383743e-03
553              3.23900648e+00 2.07174957e-03 3.43910140e+00 3.18253603e+00 1.04996931e-03 3.43319842e+00 5.64704513e-02 1.02178026e-03 5.90297491e-03
554              3.23634724e+00 1.79099568e-03 3.30354189e+00 3.17955959e+00 1.07367403e-03 3.29766157e+00 5.67876474e-02 7.17321651e-04 5.88032274e-03
555              3.23218524e+00 1.60272780e-03 3.17939928e+00 3.17519746e+00 1.16770007e-03 3.17353777e+00 5.69877832e-02 4.35027727e-04 5.86150873e-03
556              3.22659159e+00 1.52425405e-03 3.07157655e+00 3.16948681e+00 1.30359486e-03 3.06571624e+00 5.71047870e-02 2.20659195e-04 5.86030991e-03
557              3.21975873e+00 1.54420161e-03 2.98408760e+00 3.16270244e+00 1.44822451e-03 2.97820592e+00 5.70562902e-02 9.59771081e-05 5.88167958e-03
558              3.21218282e+00 1.62926034e-03 2.92059539e+00 3.15529159e+00 1.57446211e-03 2.91466519e+00 5.68912332e-02 5.47982207e-05 5.93019794e-03
559              3.20428782e+00 1.74715072e-03 2.88388626e+00 3.14769660e+00 1.66852724e-03 2.87789151e+00 5.65912235e-02 7.86234774e-05 5.99474646e-03
560              3.19651102e+00 1.88717653e-03 2.87579333e+00 3.14026671e+00 1.73179545e-03 2.86971573e+00 5.62443046e-02 1.55381075e-04 6.07760781e-03
561              3.18938464e+00 2.04891206e-03 2.90496369e+00 3.13350497e+00 1.78181282e-03 2.89879052e+00 5.58796675e-02 2.67099241e-04 6.17317313e-03
562              3.18262602e+00 2.20794010e-03 2.96520692e+00 3.12709054e+00 1.82897940e-03 2.95893083e+00 5.55354838e-02 3.78960698e-04 6.27609226e-03
563              3.17668074e+00 2.35423476e-03 3.05602013e+00 3.12153378e+00 1.88917743e-03 3.04964603e+00 5.51469666e-02 4.65057332e-04 6.37410217e-03
564              3.17195975e+00 2.46426466e-03 3.17558589e+00 3.11719169e+00 1.98852200e-03 3.16912318e+00 5.47680661e-02 4.75742667e-04 6.46271057e-03
565              3.16851098e+00 2.56259116e-03 3.31841793e+00 3.11416260e+00 2.15134437e-03 3.31188617e+00 5.43483808e-02 4.11246795e-04 6.53175043e-03
566              3.16572848e+00 2.68490574e-03 3.46847783e+00 3.11183352e+00 2.38342787e-03 3.46189620e+00 5.38949600e-02 3.01477875e-04 6.58162907e-03
567              3.16437659e+00 2.87720377e-03 3.62444654e+00 3.11094199e+00 2.67213260e-03 3.61782995e+00 5.34345974e-02 2.05071169e-04 6.61658425e-03
568              3.16475508e+00 3.16502558e-03 3.77966972e+00 3.11168798e+00 2.99339641e-03 3.77303345e+00 5.30670937e-02 1.71629168e-04 6.63626953e-03
569              3.16670209e+00 3.52592554e-03 3.92750917e+00 3.11394464e+00 3.31340430e-03 3.92087316e+00 5.27574519e-02 2.12521246e-04 6.63600822e-03
570              3.17017222e+00 3.90958687e-03 4.06257968e+00 3.11760782e+00 3.59937697e-03 4.05595677e+00 5.25643957e-02 3.10209906e-04 6.62291319e-03
571              3.17507637e+00 4.26613822e-03 4.18033872e+00 3.12262985e+00 3.82743706e-03 4.17373429e+00 5.24465150e-02 4.38701155e-04 6.60443113e-03
572              3.18139446e+00 4.54917357e-03 4.27644095e+00 3.12894639e+00 3.98725905e-03 4.26985754e+00 5.24480736e-02 5.61914521e-04 6.58340823e-03
573              3.18889189e+00 4.74775007e-03 4.34603275e+00 3.13634899e+00 4.07583392e-03 4.33948403e+00 5.25429017e-02 6.71916150e-04 6.54871655e-03
574              3.19716115e+00 4.85762684e-03 4.38345860e+00 3.14437502e+00 4.09379331e-03 4.37697104e+00 5.27861375e-02 7.63833530e-04 6.48755805e-03
575              3.20533534e+00 4.89287876e-03 4.37578797e+00 3.15223533e+00 4.05009535e-03 4.36939985e+00 5.31000066e-02 8.42783415e-04 6.38811906e-03
576              3.21378900e+00 4.85841084e-03 4.32491879e+00 3.16026301e+00 3.93652272e-03 4.31865821e+00 5.35259909e-02 9.21888114e-04 6.26057922e-03
577              3.22228658e+00 4.76308377e-03 4.23373793e+00 3.16828189e+00 3.76368426e-03 4.22762329e+00 5.40046907e-02 9.99399509e-04 6.11464542e-03
578              3.23045673e+00 4.61425904e-03 4.10757968e+00 3.17590514e+00 3.55011442e-03 4.10160087e+00 5.45515890e-02 1.06414462e-03 5.97880277e-03
579              3.23773500e+00 4.42453726e-03 3.95544614e+00 3.18263251e+00 3.31790937e-03 3.94958267e+00 5.51024892e-02 1.10662789e-03 5.86346970e-03
580              3.24329665e+00 4.20281313e-03 3.78743849e+00 3.18764477e+00 3.09008994e-03 3.78165928e+00 5.56518785e-02 1.11272319e-03 5.77920770e-03
581              3.24673695e+00 3.97566519e-03 3.61816978e+00 3.19058224e+00 2.89649956e-03 3.61244554e+00 5.61547010e-02 1.07916563e-03 5.72424016e-03
582              3.24721701e+00 3.74860017e-03 3.45180342e+00 3.19065088e+00 2.74351331e-03 3.44608523e+00 5.65661338e-02 1.00508687e-03 5.71818796e-03
583              3.24457041e+00 3.54211082e-03 3.29383372e+00 3.18771539e+00 2.63920558e-03 3.28808690e+00 5.68550170e-02 9.02905235e-04 5.74681890e-03
584              3.23951066e+00 3.36738237e-03 3.15089504e+00 3.18247397e+00 2.58668199e-03 3.14508053e+00 5.70366878e-02 7.80700375e-04 5.81451041e-03
585              3.23292599e+00 3.22766514e-03 3.02963827e+00 3.17581618e+00 2.57789208e-03 3.02374623e+00 5.71098151e-02 6.49773054e-04 5.89203228e-03
586              3.22545180e+00 3.13609873e-03 2.93427984e+00 3.16836270e+00 2.59009219e-03 2.92830770e+00 5.70891024e-02 5.46006534e-04 5.97213437e-03
587              3.21745028e+00 3.06786634e-03 2.86760370e+00 3.16046256e+00 2.59660665e-03 2.86156182e+00 5.69877188e-02 4.71259687e-04 6.04188298e-03
588              3.20908585e+00 3.03034661e-03 2.83010103e+00 3.15227820e+00 2.57860748e-03 2.82399769e+00 5.68076544e-02 4.51739135e-04 6.10334127e-03
589              3.20063713e+00 3.02602609e-03 2.82234038e+00 3.14408663e+00 2.51298439e-03 2.81618488e+00 5.65504946e-02 5.13041707e-04 6.15550277e-03
590              3.19244531e+00 3.02643438e-03 2.85053223e+00 3.13618949e+00 2.38546986e-03 2.84431187e+00 5.62558171e-02 6.40964518e-04 6.22035874e-03
591              3.18427268e+00 2.95706027e-03 2.90752787e+00 3.12835254e+00 2.17738706e-03 2.90124178e+00 5.59201436e-02 7.79673210e-04 6.28609104e-03
592              3.17656341e+00 2.79426090e-03 2.99022065e+00 3.12101771e+00 1.90243721e-03 2.98387624e+00 5.55457036e-02 8.91823688e-04 6.34441322e-03
593              3.16983523e+00 2.54868226e-03 3.09647192e+00 3.11470190e+00 1.59840104e-03 3.09008108e+00 5.51333244e-02 9.50281217e-04 6.39084064e-03
594              3.16449882e+00 2.26192001e-03 3.22325088e+00 3.10979789e+00 1.31345757e-03 3.21681597e+00 5.47009380e-02 9.48462442e-04 6.43490720e-03
595              3.16036347e+00 2.01100366e-03 3.35862964e+00 3.10616782e+00 1.11136995e-03 3.35215169e+00 5.41956524e-02 8.99633707e-04 6.47794840e-03
596              3.15842222e+00 1.82797698e-03 3.50785176e+00 3.10473454e+00 1.00921196e-03 3.50132999e+00 5.36876853e-02 8.18765018e-04 6.52177444e-03
597              3.15882938e+00 1.75790425e-03 3.66790681e+00 3.10563328e+00 1.03593881e-03 3.66134835e+00 5.31961037e-02 7.21965434e-04 6.55846269e-03
598              3.16123623e+00 1.81884352e-03 3.83306754e+00 3.10846838e+00 1.20016076e-03 3.82648059e+00 5.27678472e-02 6.18682757e-04 6.58694730e-03
599              3.16526055e+00 2.00004371e-03 3.99619471e+00 3.11281799e+00 1.48626397e-03 3.98958281e+00 5.24425655e-02 5.13779736e-04 6.61190562e-03
600              3.17061494e+00 2.27604149e-03 4.14835102e+00 3.11836014e+00 1.86058916e-03 4.14171595e+00 5.22548011e-02 4.15452323e-04 6.63506958e-03
