# Moment        
# CofR          : (0.00000000e+00 0.00000000e+00 0.00000000e+00)
#
# Time          	total_x total_y total_z	pressure_x pressure_y pressure_z	viscous_x viscous_y viscous_z
1                3.76988866e-03 -1.28708927e+00 5.75203512e-04 3.76028890e-03 -1.28616366e+00 5.45555924e-04 9.59976328e-06 -9.25607132e-04 2.96475878e-05
2                9.63845068e-03 -9.14326276e-01 1.55469075e-03 9.63270434e-03 -9.13689961e-01 1.53417697e-03 5.74634151e-06 -6.36314823e-04 2.05137869e-05
3                2.19946933e-02 -7.66157337e-01 2.02555550e-03 2.19838732e-02 -7.65513383e-01 2.04974896e-03 1.08200857e-05 -6.43953517e-04 -2.41934615e-05
4                3.50770513e-02 -7.19170277e-01 2.48666298e-03 3.50694693e-02 -7.18558665e-01 2.52967203e-03 7.58198498e-06 -6.11611578e-04 -4.30090535e-05
5                4.80298545e-02 -6.94628340e-01 2.96224367e-03 4.80278095e-02 -6.94063314e-01 2.99646363e-03 2.04501429e-06 -5.65026038e-04 -3.42199647e-05
6                6.10794988e-02 -6.86577853e-01 3.29824102e-03 6.10821581e-02 -6.86038150e-01 3.33407951e-03 -2.65936462e-06 -5.39703688e-04 -3.58384891e-05
7                7.37449874e-02 -6.89258003e-01 3.50178476e-03 7.37508239e-02 -6.88697194e-01 3.54833329e-03 -5.83654470e-06 -5.60809225e-04 -4.65485296e-05
8                8.58174843e-02 -7.09949604e-01 3.70302931e-03 8.58270243e-02 -7.09289424e-01 3.73689645e-03 -9.54002139e-06 -6.60180322e-04 -3.38671404e-05
9                9.76929012e-02 -7.54859875e-01 3.91123010e-03 9.77137107e-02 -7.54010941e-01 3.92668830e-03 -2.08095354e-05 -8.48934555e-04 -1.54582050e-05
10               1.07989163e-01 -7.77130577e-01 4.27764541e-03 1.08011590e-01 -7.76018649e-01 4.32831479e-03 -2.24267904e-05 -1.11192844e-03 -5.06693768e-05
11               1.15930935e-01 -7.61357376e-01 4.79783573e-03 1.15958606e-01 -7.60074302e-01 4.88465029e-03 -2.76712858e-05 -1.28307313e-03 -8.68145614e-05
12               1.21806418e-01 -7.80585775e-01 5.48423689e-03 1.21837379e-01 -7.78926966e-01 5.52228006e-03 -3.09612649e-05 -1.65880969e-03 -3.80431742e-05
13               1.25342372e-01 -8.39145195e-01 6.24875907e-03 1.25387668e-01 -8.37274050e-01 6.31763540e-03 -4.52959960e-05 -1.87114486e-03 -6.88763357e-05
14               1.25975919e-01 -9.25685950e-01 7.16087540e-03 1.25986956e-01 -9.23733221e-01 7.19231684e-03 -1.10365287e-05 -1.95272983e-03 -3.14414371e-05
15               1.25384786e-01 -1.02085532e+00 7.74778283e-03 1.25407679e-01 -1.01873039e+00 7.80645934e-03 -2.28925953e-05 -2.12492994e-03 -5.86765100e-05
16               1.23604487e-01 -1.14284878e+00 8.19516945e-03 1.23647333e-01 -1.14040795e+00 8.22966359e-03 -4.28454717e-05 -2.44083753e-03 -3.44941397e-05
17               1.22129849e-01 -1.26635331e+00 8.28898938e-03 1.22160043e-01 -1.26366903e+00 8.30696094e-03 -3.01935741e-05 -2.68428334e-03 -1.79715543e-05
18               1.22754770e-01 -1.37366209e+00 8.10243094e-03 1.22797550e-01 -1.37076542e+00 8.10773667e-03 -4.27797886e-05 -2.89667905e-03 -5.30572703e-06
19               1.23006368e-01 -1.46419899e+00 7.95729277e-03 1.23035283e-01 -1.46119857e+00 7.94608980e-03 -2.89154923e-05 -3.00041771e-03 1.12029673e-05
20               1.23937358e-01 -1.53473615e+00 7.66328746e-03 1.23958064e-01 -1.53174968e+00 7.64688799e-03 -2.07065887e-05 -2.98646894e-03 1.63994655e-05
21               1.26652829e-01 -1.57980730e+00 7.24006543e-03 1.26661369e-01 -1.57699588e+00 7.23314845e-03 -8.54006702e-06 -2.81142187e-03 6.91697352e-06
22               1.30583571e-01 -1.58792428e+00 6.77639649e-03 1.30599456e-01 -1.58533694e+00 6.74818434e-03 -1.58852110e-05 -2.58734135e-03 2.82121496e-05
23               1.35817505e-01 -1.55512620e+00 6.34378175e-03 1.35827211e-01 -1.55274979e+00 6.29283977e-03 -9.70576520e-06 -2.37641224e-03 5.09419864e-05
24               1.41949573e-01 -1.47733308e+00 6.01620406e-03 1.41955460e-01 -1.47515636e+00 5.94122762e-03 -5.88772336e-06 -2.17671753e-03 7.49764404e-05
25               1.48142276e-01 -1.36533884e+00 5.88991596e-03 1.48153087e-01 -1.36336139e+00 5.81979025e-03 -1.08114722e-05 -1.97745137e-03 7.01257129e-05
26               1.53127401e-01 -1.21292198e+00 5.95485774e-03 1.53140397e-01 -1.21114193e+00 5.86617087e-03 -1.29961544e-05 -1.78004625e-03 8.86868614e-05
27               1.57783614e-01 -1.02465283e+00 5.92560803e-03 1.57791870e-01 -1.02311398e+00 5.83082675e-03 -8.25564029e-06 -1.53884479e-03 9.47812832e-05
28               1.62473553e-01 -8.16309446e-01 5.78386991e-03 1.62485598e-01 -8.14930866e-01 5.66346677e-03 -1.20449082e-05 -1.37857971e-03 1.20403139e-04
29               1.66400553e-01 -6.07076730e-01 5.62661968e-03 1.66421389e-01 -6.05785712e-01 5.45851373e-03 -2.08367362e-05 -1.29101787e-03 1.68105947e-04
30               1.68749854e-01 -4.16583818e-01 5.41972821e-03 1.68782188e-01 -4.15348689e-01 5.23730363e-03 -3.23340994e-05 -1.23512833e-03 1.82424577e-04
31               1.68644343e-01 -2.50854138e-01 5.28804235e-03 1.68704593e-01 -2.49683125e-01 5.08454770e-03 -6.02494731e-05 -1.17101300e-03 2.03494647e-04
32               1.64444760e-01 -1.20359766e-01 5.36077374e-03 1.64518467e-01 -1.19172324e-01 5.16251392e-03 -7.37069969e-05 -1.18744145e-03 1.98259818e-04
33               1.56390483e-01 -2.45690417e-02 5.60464128e-03 1.56465710e-01 -2.32592328e-02 5.42648074e-03 -7.52267620e-05 -1.30980887e-03 1.78160540e-04
34               1.45015101e-01 2.46091373e-02 5.95576672e-03 1.45095935e-01 2.60860464e-02 5.79881023e-03 -8.08339868e-05 -1.47690910e-03 1.56956490e-04
35               1.32067153e-01 2.21256870e-02 6.28605423e-03 1.32148639e-01 2.37361862e-02 6.16194869e-03 -8.14858405e-05 -1.61049929e-03 1.24105535e-04
36               1.20332130e-01 -2.66532926e-02 6.48646632e-03 1.20418507e-01 -2.48721440e-02 6.37596838e-03 -8.63761895e-05 -1.78114856e-03 1.10497932e-04
37               1.14073225e-01 -1.08894043e-01 6.41603730e-03 1.14139221e-01 -1.06995685e-01 6.32720625e-03 -6.59958051e-05 -1.89835842e-03 8.88310558e-05
38               1.14349995e-01 -2.01231895e-01 6.08797204e-03 1.14393932e-01 -1.99252310e-01 6.03081446e-03 -4.39369384e-05 -1.97958581e-03 5.71575806e-05
39               1.20890346e-01 -2.84753367e-01 5.63880722e-03 1.20903045e-01 -2.82757280e-01 5.59624377e-03 -1.26987132e-05 -1.99608699e-03 4.25634511e-05
40               1.30185889e-01 -3.49942111e-01 5.44145362e-03 1.30167369e-01 -3.47976282e-01 5.33423806e-03 1.85205501e-05 -1.96582845e-03 1.07215563e-04
41               1.38526590e-01 -4.02338561e-01 5.41493394e-03 1.38485542e-01 -4.00393246e-01 5.25487963e-03 4.10480739e-05 -1.94531462e-03 1.60054309e-04
42               1.45512537e-01 -4.46258617e-01 5.31870199e-03 1.45443915e-01 -4.44381681e-01 5.17148143e-03 6.86217218e-05 -1.87693676e-03 1.47220558e-04
43               1.48881252e-01 -4.82777214e-01 5.38226168e-03 1.48820802e-01 -4.81025440e-01 5.20718104e-03 6.04491425e-05 -1.75177374e-03 1.75080639e-04
44               1.49397679e-01 -5.16294756e-01 5.48108098e-03 1.49351367e-01 -5.14632447e-01 5.29407381e-03 4.63121227e-05 -1.66230951e-03 1.87007168e-04
45               1.46657154e-01 -5.50586772e-01 5.87888301e-03 1.46630927e-01 -5.48973964e-01 5.72669218e-03 2.62276417e-05 -1.61280802e-03 1.52190833e-04
46               1.39611035e-01 -5.90687070e-01 6.46313651e-03 1.39607351e-01 -5.89084329e-01 6.33746420e-03 3.68413760e-06 -1.60274090e-03 1.25672309e-04
47               1.32418462e-01 -6.36660284e-01 6.65570325e-03 1.32436302e-01 -6.35035869e-01 6.57509098e-03 -1.78395392e-05 -1.62441482e-03 8.06122715e-05
48               1.27285348e-01 -6.85419582e-01 6.61887851e-03 1.27320428e-01 -6.83749117e-01 6.55675700e-03 -3.50800797e-05 -1.67046586e-03 6.21215101e-05
49               1.23174683e-01 -7.34636361e-01 6.73701132e-03 1.23227482e-01 -7.32895885e-01 6.66546611e-03 -5.27995969e-05 -1.74047608e-03 7.15452040e-05
50               1.20195440e-01 -7.81152857e-01 6.95081101e-03 1.20262983e-01 -7.79326727e-01 6.87275973e-03 -6.75434727e-05 -1.82613044e-03 7.80512841e-05
51               1.20119267e-01 -8.20090880e-01 7.00098036e-03 1.20195069e-01 -8.18172812e-01 6.90766364e-03 -7.58024290e-05 -1.91806764e-03 9.33167217e-05
52               1.22587930e-01 -8.47206569e-01 6.83937142e-03 1.22656019e-01 -8.45197637e-01 6.73468443e-03 -6.80888965e-05 -2.00893180e-03 1.04686993e-04
53               1.26863642e-01 -8.58888521e-01 6.54602108e-03 1.26912423e-01 -8.56833024e-01 6.44275907e-03 -4.87806591e-05 -2.05549738e-03 1.03262008e-04
54               1.32909311e-01 -8.51191020e-01 6.25231950e-03 1.32939736e-01 -8.49145732e-01 6.15451369e-03 -3.04253323e-05 -2.04528741e-03 9.78058054e-05
55               1.39727525e-01 -8.16583040e-01 6.11803827e-03 1.39747089e-01 -8.14588959e-01 6.01808285e-03 -1.95635738e-05 -1.99408154e-03 9.99554286e-05
56               1.46486179e-01 -7.62476247e-01 6.24163652e-03 1.46501539e-01 -7.60575786e-01 6.13424643e-03 -1.53601404e-05 -1.90046078e-03 1.07390086e-04
57               1.52376576e-01 -6.91867804e-01 6.60067518e-03 1.52390904e-01 -6.90081282e-01 6.49047985e-03 -1.43281643e-05 -1.78652195e-03 1.10195330e-04
58               1.56756503e-01 -6.12062137e-01 7.02519347e-03 1.56768258e-01 -6.10412423e-01 6.94085070e-03 -1.17552409e-05 -1.64971362e-03 8.43427639e-05
59               1.59452901e-01 -5.21118002e-01 7.45054157e-03 1.59467670e-01 -5.19610130e-01 7.41008101e-03 -1.47686647e-05 -1.50787243e-03 4.04605641e-05
60               1.59873137e-01 -4.21917643e-01 7.90070113e-03 1.59896627e-01 -4.20547633e-01 7.89738140e-03 -2.34900877e-05 -1.37001016e-03 3.31973733e-06
61               1.58198885e-01 -3.21612072e-01 8.37126245e-03 1.58237753e-01 -3.20348840e-01 8.40392085e-03 -3.88673762e-05 -1.26323296e-03 -3.26584017e-05
62               1.54865646e-01 -2.27335769e-01 8.88107352e-03 1.54920587e-01 -2.26146755e-01 8.93713452e-03 -5.49415750e-05 -1.18901342e-03 -5.60609954e-05
63               1.50566985e-01 -1.48973861e-01 9.34860856e-03 1.50637829e-01 -1.47815833e-01 9.40250106e-03 -7.08445551e-05 -1.15802753e-03 -5.38924990e-05
64               1.46300044e-01 -8.69632887e-02 9.79085697e-03 1.46377221e-01 -8.58163209e-02 9.83862389e-03 -7.71766963e-05 -1.14696786e-03 -4.77669216e-05
65               1.43132942e-01 -4.80515239e-02 1.01769419e-02 1.43212805e-01 -4.69011062e-02 1.02030698e-02 -7.98631387e-05 -1.15041775e-03 -2.61279041e-05
66               1.42110739e-01 -3.45632072e-02 1.04593641e-02 1.42191537e-01 -3.34113308e-02 1.04687248e-02 -8.07976352e-05 -1.15187642e-03 -9.36068219e-06
67               1.43837104e-01 -4.39171053e-02 1.06008930e-02 1.43915840e-01 -4.27663844e-02 1.06098641e-02 -7.87361015e-05 -1.15072089e-03 -8.97113458e-06
68               1.47829157e-01 -7.22714512e-02 1.06183837e-02 1.47904884e-01 -7.11285896e-02 1.06426730e-02 -7.57267540e-05 -1.14286161e-03 -2.42893493e-05
69               1.53003409e-01 -1.13074329e-01 1.05718390e-02 1.53075831e-01 -1.11920776e-01 1.06174701e-02 -7.24218976e-05 -1.15355306e-03 -4.56310873e-05
70               1.58324869e-01 -1.63616994e-01 1.05228809e-02 1.58386371e-01 -1.62408007e-01 1.05590051e-02 -6.15018920e-05 -1.20898758e-03 -3.61242171e-05
71               1.63169265e-01 -2.21507511e-01 1.04946315e-02 1.63221356e-01 -2.20201048e-01 1.05055799e-02 -5.20913816e-05 -1.30646298e-03 -1.09484505e-05
72               1.67244822e-01 -2.83226263e-01 1.04980860e-02 1.67291068e-01 -2.81821920e-01 1.04809206e-02 -4.62464623e-05 -1.40434375e-03 1.71654000e-05
73               1.69957314e-01 -3.45014956e-01 1.05852590e-02 1.70008047e-01 -3.43515616e-01 1.05314392e-02 -5.07334729e-05 -1.49934037e-03 5.38197956e-05
74               1.71226207e-01 -4.04113571e-01 1.07350825e-02 1.71281072e-01 -4.02534090e-01 1.06546851e-02 -5.48645898e-05 -1.57948164e-03 8.03974419e-05
75               1.71364900e-01 -4.58369459e-01 1.09510312e-02 1.71414906e-01 -4.56739570e-01 1.08564671e-02 -5.00061191e-05 -1.62988876e-03 9.45641017e-05
76               1.70995233e-01 -5.05766501e-01 1.12017573e-02 1.71039188e-01 -5.04111487e-01 1.11089061e-02 -4.39553374e-05 -1.65501358e-03 9.28512001e-05
77               1.70670503e-01 -5.44902121e-01 1.14697700e-02 1.70705294e-01 -5.43244527e-01 1.13792253e-02 -3.47904695e-05 -1.65759373e-03 9.05446440e-05
78               1.71406189e-01 -5.74802217e-01 1.17242155e-02 1.71433988e-01 -5.73155478e-01 1.16383051e-02 -2.77994184e-05 -1.64673885e-03 8.59104815e-05
79               1.72714420e-01 -5.95407994e-01 1.20758867e-02 1.72744113e-01 -5.93776339e-01 1.19885602e-02 -2.96927065e-05 -1.63165497e-03 8.73265112e-05
80               1.72782432e-01 -6.08428357e-01 1.25206657e-02 1.72821236e-01 -6.06805385e-01 1.24192902e-02 -3.88041933e-05 -1.62297218e-03 1.01375455e-04
81               1.73478371e-01 -6.16258320e-01 1.24798752e-02 1.73515972e-01 -6.14638011e-01 1.23767471e-02 -3.76008507e-05 -1.62030923e-03 1.03128108e-04
82               1.76989979e-01 -6.17957112e-01 1.18706294e-02 1.77022273e-01 -6.16346879e-01 1.17949838e-02 -3.22947563e-05 -1.61023269e-03 7.56455937e-05
83               1.82667023e-01 -6.11808461e-01 1.11193063e-02 1.82699399e-01 -6.10215597e-01 1.10677130e-02 -3.23765949e-05 -1.59286422e-03 5.15932758e-05
84               1.88966607e-01 -5.97130353e-01 1.05311623e-02 1.88999973e-01 -5.95555363e-01 1.04874508e-02 -3.33663247e-05 -1.57498912e-03 4.37115200e-05
85               1.95052472e-01 -5.74359109e-01 1.01313513e-02 1.95084903e-01 -5.72799304e-01 1.00826909e-02 -3.24308165e-05 -1.55980429e-03 4.86604558e-05
86               2.00678232e-01 -5.43856120e-01 9.85950457e-03 2.00709787e-01 -5.42314656e-01 9.80041294e-03 -3.15548509e-05 -1.54146343e-03 5.90916253e-05
87               2.05312338e-01 -5.05812194e-01 9.69498683e-03 2.05344097e-01 -5.04294676e-01 9.62279114e-03 -3.17587974e-05 -1.51751835e-03 7.21956861e-05
88               2.08236670e-01 -4.61028955e-01 9.63829034e-03 2.08269604e-01 -4.59539531e-01 9.54848008e-03 -3.29335663e-05 -1.48942310e-03 8.98102579e-05
89               2.09180319e-01 -4.11041017e-01 9.62605621e-03 2.09214251e-01 -4.09580361e-01 9.51608081e-03 -3.39315794e-05 -1.46065582e-03 1.09975394e-04
90               2.08274690e-01 -3.58225770e-01 9.58994546e-03 2.08310054e-01 -3.56795776e-01 9.45831509e-03 -3.53635220e-05 -1.42999392e-03 1.31630373e-04
91               2.06138387e-01 -3.04193003e-01 9.47667752e-03 2.06173588e-01 -3.02796344e-01 9.32522017e-03 -3.52009239e-05 -1.39665905e-03 1.51457351e-04
92               2.03177608e-01 -2.50066717e-01 9.29907407e-03 2.03214012e-01 -2.48707537e-01 9.12745526e-03 -3.64038118e-05 -1.35917995e-03 1.71618808e-04
93               1.99710895e-01 -1.96738618e-01 9.06330608e-03 1.99748798e-01 -1.95416200e-01 8.88500619e-03 -3.79024327e-05 -1.32241830e-03 1.78299883e-04
94               1.95942998e-01 -1.48177528e-01 8.80642341e-03 1.95981366e-01 -1.46889264e-01 8.62991216e-03 -3.83681054e-05 -1.28826413e-03 1.76511252e-04
95               1.91293235e-01 -1.00047916e-01 8.55270770e-03 1.91332448e-01 -9.87938127e-02 8.39480048e-03 -3.92123738e-05 -1.25410346e-03 1.57907218e-04
96               1.85529036e-01 -5.64942011e-02 8.33389095e-03 1.85568851e-01 -5.52731263e-02 8.19078842e-03 -3.98150085e-05 -1.22107484e-03 1.43102527e-04
97               1.78667269e-01 -2.14109685e-02 8.14345357e-03 1.78709908e-01 -2.02144654e-02 8.02454235e-03 -4.26395292e-05 -1.19650308e-03 1.18911220e-04
98               1.70907394e-01 1.63534741e-03 8.03087920e-03 1.70955594e-01 2.82032076e-03 7.92809891e-03 -4.81999366e-05 -1.18497336e-03 1.02780286e-04
99               1.62355207e-01 9.63942885e-03 8.04371083e-03 1.62414541e-01 1.08350360e-02 7.95980093e-03 -5.93348387e-05 -1.19560717e-03 8.39099007e-05
100              1.54003923e-01 8.55328240e-04 8.20533582e-03 1.54074513e-01 2.06689617e-03 8.12841265e-03 -7.05891917e-05 -1.21156793e-03 7.69231774e-05
101              1.46323054e-01 -2.82239709e-02 8.46867346e-03 1.46401100e-01 -2.69873226e-02 8.40485501e-03 -7.80459825e-05 -1.23664827e-03 6.38184499e-05
102              1.39539034e-01 -6.65212992e-02 8.77917788e-03 1.39619062e-01 -6.52533649e-02 8.72592955e-03 -8.00274216e-05 -1.26793433e-03 5.32483290e-05
103              1.34082547e-01 -1.16968651e-01 9.01982806e-03 1.34162050e-01 -1.15666758e-01 8.98692237e-03 -7.95033931e-05 -1.30189326e-03 3.29056934e-05
104              1.30172098e-01 -1.77320758e-01 9.20232618e-03 1.30250358e-01 -1.75986592e-01 9.19463694e-03 -7.82606535e-05 -1.33416560e-03 7.68924413e-06
105              1.27426113e-01 -2.43418016e-01 9.38969428e-03 1.27502112e-01 -2.42058361e-01 9.39370351e-03 -7.59995417e-05 -1.35965503e-03 -4.00922771e-06
106              1.25805552e-01 -3.11096173e-01 9.56242029e-03 1.25877975e-01 -3.09713571e-01 9.57498143e-03 -7.24224318e-05 -1.38260193e-03 -1.25611490e-05
107              1.25434120e-01 -3.76141871e-01 9.71980211e-03 1.25506459e-01 -3.74733418e-01 9.73701279e-03 -7.23398165e-05 -1.40845341e-03 -1.72106824e-05
108              1.26509653e-01 -4.32276467e-01 9.85852308e-03 1.26582772e-01 -4.30830662e-01 9.87790931e-03 -7.31195545e-05 -1.44580449e-03 -1.93862383e-05
109              1.29117884e-01 -4.82248566e-01 9.99859205e-03 1.29192207e-01 -4.80761847e-01 1.00200551e-02 -7.43233143e-05 -1.48671883e-03 -2.14630918e-05
110              1.33090221e-01 -5.22967550e-01 1.01874507e-02 1.33164530e-01 -5.21435833e-01 1.02006406e-02 -7.43090206e-05 -1.53171737e-03 -1.31899536e-05
111              1.38424643e-01 -5.53170969e-01 1.04377690e-02 1.38492949e-01 -5.51604745e-01 1.04424570e-02 -6.83061251e-05 -1.56622431e-03 -4.68798569e-06
112              1.44649417e-01 -5.72440007e-01 1.07973564e-02 1.44711414e-01 -5.70858670e-01 1.07869178e-02 -6.19972984e-05 -1.58133611e-03 1.04385781e-05
113              1.51023291e-01 -5.81754696e-01 1.12556185e-02 1.51077546e-01 -5.80181548e-01 1.12165584e-02 -5.42555159e-05 -1.57314817e-03 3.90601260e-05
114              1.56533661e-01 -5.80193636e-01 1.16404458e-02 1.56580297e-01 -5.78633398e-01 1.15685005e-02 -4.66362398e-05 -1.56023875e-03 7.19453021e-05
115              1.62588570e-01 -5.69761348e-01 1.16696715e-02 1.62623588e-01 -5.68224337e-01 1.15634421e-02 -3.50182545e-05 -1.53701051e-03 1.06229494e-04
116              1.70142478e-01 -5.50991248e-01 1.13211993e-02 1.70167012e-01 -5.49479558e-01 1.11870887e-02 -2.45334963e-05 -1.51169055e-03 1.34110540e-04
117              1.78746365e-01 -5.24081380e-01 1.07981197e-02 1.78765516e-01 -5.22598172e-01 1.06392473e-02 -1.91510982e-05 -1.48320795e-03 1.58872400e-04
118              1.87645140e-01 -4.90063550e-01 1.02671446e-02 1.87662186e-01 -4.88611627e-01 1.00959199e-02 -1.70464068e-05 -1.45192297e-03 1.71224679e-04
119              1.95787378e-01 -4.50672797e-01 9.84033500e-03 1.95803588e-01 -4.49252689e-01 9.66162153e-03 -1.62101911e-05 -1.42010781e-03 1.78713477e-04
120              2.02216522e-01 -4.07771666e-01 9.51286736e-03 2.02233633e-01 -4.06380497e-01 9.33290870e-03 -1.71114832e-05 -1.39116915e-03 1.79958659e-04
121              2.06444153e-01 -3.63109245e-01 9.22781010e-03 2.06462287e-01 -3.61742926e-01 9.04960039e-03 -1.81346347e-05 -1.36631892e-03 1.78209706e-04
122              2.08187227e-01 -3.18244399e-01 8.95668038e-03 2.08207773e-01 -3.16896977e-01 8.78677151e-03 -2.05459663e-05 -1.34742132e-03 1.69908866e-04
123              2.07412044e-01 -2.77303833e-01 8.70059830e-03 2.07437277e-01 -2.75968725e-01 8.53421022e-03 -2.52324436e-05 -1.33510813e-03 1.66388088e-04
124              2.04681153e-01 -2.37073061e-01 8.42642138e-03 2.04711535e-01 -2.35747852e-01 8.26716283e-03 -3.03818810e-05 -1.32520875e-03 1.59258554e-04
125              2.00296619e-01 -1.99720262e-01 8.16631515e-03 2.00332874e-01 -1.98400195e-01 8.00798564e-03 -3.62547499e-05 -1.32006690e-03 1.58329511e-04
126              1.94839274e-01 -1.66517947e-01 7.93343566e-03 1.94879174e-01 -1.65199717e-01 7.77858529e-03 -3.98995109e-05 -1.31823023e-03 1.54850368e-04
127              1.88750210e-01 -1.38023113e-01 7.75274300e-03 1.88791796e-01 -1.36704119e-01 7.59240746e-03 -4.15861966e-05 -1.31899438e-03 1.60335541e-04
128              1.82677138e-01 -1.14652582e-01 7.59437328e-03 1.82718024e-01 -1.13333683e-01 7.43456277e-03 -4.08858080e-05 -1.31889870e-03 1.59810517e-04
129              1.76761665e-01 -9.68262121e-02 7.48491670e-03 1.76800898e-01 -9.55074955e-02 7.31895102e-03 -3.92332735e-05 -1.31871655e-03 1.65965681e-04
130              1.70777815e-01 -8.44952898e-02 7.41433132e-03 1.70816445e-01 -8.31704710e-02 7.24818913e-03 -3.86296143e-05 -1.32481881e-03 1.66142193e-04
131              1.65133046e-01 -7.93357227e-02 7.39215233e-03 1.65171205e-01 -7.80088641e-02 7.22164306e-03 -3.81595678e-05 -1.32685861e-03 1.70509272e-04
132              1.59634387e-01 -8.09491451e-02 7.41102462e-03 1.59673525e-01 -7.96157760e-02 7.24796486e-03 -3.91377795e-05 -1.33336906e-03 1.63059762e-04
133              1.53955775e-01 -9.20796517e-02 7.51407894e-03 1.53996688e-01 -9.07337862e-02 7.36143588e-03 -4.09125329e-05 -1.34586553e-03 1.52643063e-04
134              1.48385075e-01 -1.10210656e-01 7.67308216e-03 1.48427825e-01 -1.08848252e-01 7.54275685e-03 -4.27498360e-05 -1.36240407e-03 1.30325315e-04
135              1.43095302e-01 -1.35313948e-01 7.85708020e-03 1.43140047e-01 -1.33933719e-01 7.75288704e-03 -4.47447356e-05 -1.38022928e-03 1.04193159e-04
136              1.38365097e-01 -1.67162062e-01 8.02529346e-03 1.38411936e-01 -1.65766679e-01 7.95325047e-03 -4.68388355e-05 -1.39538369e-03 7.20429849e-05
137              1.34303114e-01 -2.01779532e-01 8.17454527e-03 1.34351197e-01 -2.00370754e-01 8.13095408e-03 -4.80837626e-05 -1.40877823e-03 4.35911864e-05
138              1.30938672e-01 -2.40520330e-01 8.31104242e-03 1.30988424e-01 -2.39100972e-01 8.29798887e-03 -4.97516217e-05 -1.41935746e-03 1.30535509e-05
139              1.28058679e-01 -2.81594783e-01 8.50213084e-03 1.28111286e-01 -2.80168341e-01 8.50827871e-03 -5.26075458e-05 -1.42644157e-03 -6.14787502e-06
140              1.25756685e-01 -3.22977714e-01 8.73405797e-03 1.25810882e-01 -3.21547646e-01 8.75463140e-03 -5.41962078e-05 -1.43006742e-03 -2.05734266e-05
141              1.24051530e-01 -3.62925127e-01 9.00948707e-03 1.24104513e-01 -3.61486602e-01 9.03119407e-03 -5.29826124e-05 -1.43852532e-03 -2.17070061e-05
142              1.23087810e-01 -3.97861892e-01 9.27225329e-03 1.23138175e-01 -3.96403816e-01 9.29996455e-03 -5.03652998e-05 -1.45807594e-03 -2.77112585e-05
143              1.22999353e-01 -4.30053277e-01 9.53271366e-03 1.23046564e-01 -4.28574721e-01 9.56261390e-03 -4.72113532e-05 -1.47855547e-03 -2.99002363e-05
144              1.23958257e-01 -4.57069993e-01 9.78986235e-03 1.24003090e-01 -4.55571237e-01 9.82984003e-03 -4.48323974e-05 -1.49875574e-03 -3.99776740e-05
145              1.25964033e-01 -4.77611887e-01 1.00859520e-02 1.26008281e-01 -4.76098015e-01 1.01328106e-02 -4.42486576e-05 -1.51387250e-03 -4.68586021e-05
146              1.28974833e-01 -4.90981628e-01 1.04494836e-02 1.29018466e-01 -4.89461603e-01 1.05017780e-02 -4.36330270e-05 -1.52002576e-03 -5.22943173e-05
147              1.32757819e-01 -4.96791587e-01 1.09296281e-02 1.32802779e-01 -4.95278004e-01 1.09750422e-02 -4.49596534e-05 -1.51358365e-03 -4.54140943e-05
148              1.36338226e-01 -4.94172391e-01 1.14909906e-02 1.36383776e-01 -4.92665348e-01 1.15225755e-02 -4.55497114e-05 -1.50704213e-03 -3.15848408e-05
149              1.39222206e-01 -4.82332667e-01 1.19890119e-02 1.39266972e-01 -4.80837996e-01 1.19982178e-02 -4.47657350e-05 -1.49467112e-03 -9.20587678e-06
150              1.42209890e-01 -4.64201906e-01 1.21300636e-02 1.42248980e-01 -4.62723903e-01 1.21176682e-02 -3.90900344e-05 -1.47800347e-03 1.23953408e-05
151              1.46875927e-01 -4.40321408e-01 1.18274586e-02 1.46910278e-01 -4.38867595e-01 1.17961168e-02 -3.43513595e-05 -1.45381238e-03 3.13417361e-05
152              1.53448974e-01 -4.10862629e-01 1.13015371e-02 1.53482132e-01 -4.09441239e-01 1.12621021e-02 -3.31579974e-05 -1.42139027e-03 3.94350340e-05
153              1.60713312e-01 -3.78951932e-01 1.08853623e-02 1.60747019e-01 -3.77563355e-01 1.08360802e-02 -3.37072601e-05 -1.38857709e-03 4.92821096e-05
154              1.68041583e-01 -3.44967300e-01 1.06446768e-02 1.68072278e-01 -3.43603650e-01 1.06003401e-02 -3.06947382e-05 -1.36364985e-03 4.43367748e-05
155              1.74676784e-01 -3.10467390e-01 1.05693506e-02 1.74703087e-01 -3.09118963e-01 1.05277090e-02 -2.63032937e-05 -1.34842691e-03 4.16416063e-05
156              1.80309835e-01 -2.77413382e-01 1.05726586e-02 1.80333117e-01 -2.76069472e-01 1.05367055e-02 -2.32818049e-05 -1.34390953e-03 3.59530799e-05
157              1.84414816e-01 -2.49192039e-01 1.06258777e-02 1.84439438e-01 -2.47848048e-01 1.05824329e-02 -2.46224119e-05 -1.34399072e-03 4.34447547e-05
158              1.87274439e-01 -2.23465474e-01 1.06791338e-02 1.87301072e-01 -2.22119122e-01 1.06231733e-02 -2.66327675e-05 -1.34635196e-03 5.59605111e-05
159              1.88913788e-01 -2.01418967e-01 1.06971442e-02 1.88944578e-01 -2.00067860e-01 1.06172851e-02 -3.07907181e-05 -1.35110638e-03 7.98590838e-05
160              1.89582161e-01 -1.83406307e-01 1.06513609e-02 1.89615247e-01 -1.82050524e-01 1.05466482e-02 -3.30860622e-05 -1.35578328e-03 1.04712718e-04
161              1.89584246e-01 -1.69117109e-01 1.05576638e-02 1.89618807e-01 -1.67758986e-01 1.04214875e-02 -3.45605673e-05 -1.35812325e-03 1.36176221e-04
162              1.89336388e-01 -1.58186519e-01 1.04111696e-02 1.89368188e-01 -1.56828972e-01 1.02483295e-02 -3.18008117e-05 -1.35754689e-03 1.62840160e-04
163              1.88985789e-01 -1.50495212e-01 1.02315451e-02 1.89012870e-01 -1.49139305e-01 1.00486088e-02 -2.70811766e-05 -1.35590632e-03 1.82936314e-04
164              1.88549426e-01 -1.45879286e-01 1.00116422e-02 1.88569848e-01 -1.44522793e-01 9.82555124e-03 -2.04224028e-05 -1.35649339e-03 1.86090969e-04
165              1.87405413e-01 -1.46369551e-01 9.77878147e-03 1.87420309e-01 -1.45013862e-01 9.60104661e-03 -1.48957857e-05 -1.35568878e-03 1.77734855e-04
166              1.85716635e-01 -1.49990315e-01 9.51702100e-03 1.85725244e-01 -1.48630929e-01 9.35331585e-03 -8.60926408e-06 -1.35938645e-03 1.63705147e-04
167              1.83642192e-01 -1.57227910e-01 9.21875324e-03 1.83649219e-01 -1.55859107e-01 9.07276465e-03 -7.02719295e-06 -1.36880245e-03 1.45988586e-04
168              1.81300820e-01 -1.68931042e-01 8.90688725e-03 1.81308372e-01 -1.67547856e-01 8.78093133e-03 -7.55207714e-06 -1.38318607e-03 1.25955914e-04
169              1.78694209e-01 -1.85735992e-01 8.60161141e-03 1.78705903e-01 -1.84334001e-01 8.49732637e-03 -1.16939282e-05 -1.40199131e-03 1.04285042e-04
170              1.75600301e-01 -2.07809968e-01 8.32155772e-03 1.75616212e-01 -2.06387534e-01 8.23972596e-03 -1.59105257e-05 -1.42243357e-03 8.18317556e-05
171              1.71794095e-01 -2.34473270e-01 8.08598914e-03 1.71815500e-01 -2.33031810e-01 8.02546533e-03 -2.14049735e-05 -1.44146021e-03 6.05238095e-05
172              1.67466125e-01 -2.62421443e-01 7.89414636e-03 1.67493853e-01 -2.60966291e-01 7.85690885e-03 -2.77280473e-05 -1.45515222e-03 3.72375050e-05
173              1.62285960e-01 -2.92447786e-01 7.79573591e-03 1.62320647e-01 -2.90985841e-01 7.77766345e-03 -3.46873076e-05 -1.46194497e-03 1.80724564e-05
174              1.56588900e-01 -3.23153790e-01 7.78423615e-03 1.56628098e-01 -3.21690621e-01 7.78840760e-03 -3.91984460e-05 -1.46316929e-03 -4.17144992e-06
175              1.50679109e-01 -3.53321537e-01 7.85126097e-03 1.50718853e-01 -3.51857883e-01 7.87215027e-03 -3.97434090e-05 -1.46365346e-03 -2.08892972e-05
176              1.44967725e-01 -3.80265824e-01 7.95093212e-03 1.45005998e-01 -3.78792045e-01 7.98839327e-03 -3.82728977e-05 -1.47377931e-03 -3.74611564e-05
177              1.39408580e-01 -4.05814898e-01 8.07429765e-03 1.39446312e-01 -4.04329419e-01 8.12292196e-03 -3.77322497e-05 -1.48547935e-03 -4.86243073e-05
178              1.34560048e-01 -4.28079735e-01 8.20081892e-03 1.34598476e-01 -4.26581614e-01 8.26326456e-03 -3.84281986e-05 -1.49812019e-03 -6.24456449e-05
179              1.30780036e-01 -4.45673348e-01 8.38614823e-03 1.30820302e-01 -4.44165147e-01 8.46042850e-03 -4.02659542e-05 -1.50820103e-03 -7.42802649e-05
180              1.27850717e-01 -4.57621564e-01 8.69796461e-03 1.27893246e-01 -4.56109631e-01 8.78174582e-03 -4.25287232e-05 -1.51193335e-03 -8.37812054e-05
181              1.25473460e-01 -4.62938485e-01 9.16780935e-03 1.25518987e-01 -4.61434554e-01 9.25024789e-03 -4.55268313e-05 -1.50393146e-03 -8.24385374e-05
182              1.23749338e-01 -4.59164401e-01 9.73994851e-03 1.23797104e-01 -4.57671783e-01 9.82108483e-03 -4.77655501e-05 -1.49261788e-03 -8.11363201e-05
183              1.21945184e-01 -4.48924259e-01 1.03427673e-02 1.21994480e-01 -4.47448454e-01 1.04146134e-02 -4.92958313e-05 -1.47580469e-03 -7.18460911e-05
184              1.20796749e-01 -4.33532692e-01 1.07791153e-02 1.20844626e-01 -4.32077191e-01 1.08499322e-02 -4.78766747e-05 -1.45550145e-03 -7.08169177e-05
185              1.21433658e-01 -4.12873219e-01 1.09700942e-02 1.21480314e-01 -4.11446851e-01 1.10408782e-02 -4.66560943e-05 -1.42636816e-03 -7.07839774e-05
186              1.24640392e-01 -3.87086229e-01 1.09862306e-02 1.24687443e-01 -3.85692365e-01 1.10612376e-02 -4.70510487e-05 -1.39386460e-03 -7.50069703e-05
187              1.30219452e-01 -3.57613395e-01 1.10035507e-02 1.30266882e-01 -3.56247904e-01 1.10774823e-02 -4.74293179e-05 -1.36549129e-03 -7.39316582e-05
188              1.37036404e-01 -3.27929539e-01 1.11682140e-02 1.37078250e-01 -3.26580163e-01 1.12454962e-02 -4.18462985e-05 -1.34937572e-03 -7.72821737e-05
189              1.44802688e-01 -2.99216034e-01 1.14350258e-02 1.44837944e-01 -2.97871044e-01 1.15044430e-02 -3.52556672e-05 -1.34499056e-03 -6.94172080e-05
190              1.53055482e-01 -2.72511809e-01 1.17317803e-02 1.53084478e-01 -2.71162821e-01 1.17850203e-02 -2.89961897e-05 -1.34898798e-03 -5.32400053e-05
191              1.60739713e-01 -2.50400960e-01 1.20584740e-02 1.60768140e-01 -2.49044808e-01 1.20717178e-02 -2.84268621e-05 -1.35615235e-03 -1.32437859e-05
192              1.68122008e-01 -2.30992362e-01 1.23346571e-02 1.68149328e-01 -2.29627338e-01 1.22999749e-02 -2.73195220e-05 -1.36502399e-03 3.46822215e-05
193              1.75079631e-01 -2.14956550e-01 1.24930761e-02 1.75106720e-01 -2.13582297e-01 1.23941567e-02 -2.70887001e-05 -1.37425359e-03 9.89194716e-05
194              1.81601581e-01 -2.02140350e-01 1.24987013e-02 1.81626283e-01 -2.00758190e-01 1.23419517e-02 -2.47017188e-05 -1.38215985e-03 1.56749586e-04
195              1.87694772e-01 -1.91913296e-01 1.23750309e-02 1.87715842e-01 -1.90528628e-01 1.21611313e-02 -2.10708626e-05 -1.38466752e-03 2.13899607e-04
196              1.93479605e-01 -1.83667854e-01 1.21262528e-02 1.93493559e-01 -1.82284600e-01 1.18758581e-02 -1.39547339e-05 -1.38325393e-03 2.50394743e-04
197              1.99186259e-01 -1.76706176e-01 1.17786680e-02 1.99192531e-01 -1.75325692e-01 1.15066686e-02 -6.27236012e-06 -1.38048435e-03 2.71999423e-04
198              2.03725735e-01 -1.72732962e-01 1.13665562e-02 2.03722772e-01 -1.71358252e-01 1.11041534e-02 2.96262566e-06 -1.37470982e-03 2.62402851e-04
199              2.06604997e-01 -1.70545112e-01 1.09536325e-02 2.06594230e-01 -1.69175477e-01 1.07126967e-02 1.07670833e-05 -1.36963497e-03 2.40935821e-04
200              2.08097177e-01 -1.70718702e-01 1.04872785e-02 2.08078100e-01 -1.69349251e-01 1.02813053e-02 1.90767516e-05 -1.36945037e-03 2.05973144e-04
201              2.08302501e-01 -1.74261775e-01 9.97975216e-03 2.08280219e-01 -1.72886947e-01 9.80091819e-03 2.22820611e-05 -1.37482798e-03 1.78833972e-04
202              2.07407032e-01 -1.82257332e-01 9.41671325e-03 2.07384479e-01 -1.80868875e-01 9.26788833e-03 2.25538784e-05 -1.38845683e-03 1.48824920e-04
203              2.05298525e-01 -1.95724348e-01 8.82726719e-03 2.05280734e-01 -1.94316369e-01 8.70121651e-03 1.77916341e-05 -1.40797918e-03 1.26050682e-04
204              2.01766012e-01 -2.14945906e-01 8.23354505e-03 2.01754798e-01 -2.13514893e-01 8.13124842e-03 1.12138740e-05 -1.43101253e-03 1.02296631e-04
205              1.96517813e-01 -2.39318324e-01 7.69470850e-03 1.96517180e-01 -2.37866874e-01 7.60834536e-03 6.32253056e-07 -1.45145024e-03 8.63631350e-05
206              1.90346766e-01 -2.65513506e-01 7.19347396e-03 1.90356264e-01 -2.64048664e-01 7.13262476e-03 -9.49804593e-06 -1.46484278e-03 6.08491956e-05
207              1.82600968e-01 -2.94231182e-01 6.83567328e-03 1.82620073e-01 -2.92760804e-01 6.79907507e-03 -1.91043709e-05 -1.47037787e-03 3.65982087e-05
208              1.73869515e-01 -3.23934022e-01 6.60739704e-03 1.73894574e-01 -3.22462551e-01 6.60149877e-03 -2.50581876e-05 -1.47147136e-03 5.89827659e-06
209              1.64420253e-01 -3.53176472e-01 6.51129006e-03 1.64447016e-01 -3.51705040e-01 6.53288377e-03 -2.67628330e-05 -1.47143211e-03 -2.15937027e-05
210              1.54884734e-01 -3.79363048e-01 6.49703594e-03 1.54911178e-01 -3.77883928e-01 6.54573876e-03 -2.64436712e-05 -1.47911948e-03 -4.87028150e-05
211              1.44889303e-01 -4.04057014e-01 6.56173930e-03 1.44918569e-01 -4.02569906e-01 6.63386895e-03 -2.92667064e-05 -1.48710866e-03 -7.21296501e-05
212              1.35113377e-01 -4.25471125e-01 6.69831304e-03 1.35146510e-01 -4.23974356e-01 6.79436101e-03 -3.31334836e-05 -1.49676927e-03 -9.60479733e-05
213              1.26046922e-01 -4.42191108e-01 6.94908587e-03 1.26084890e-01 -4.40686558e-01 7.06978604e-03 -3.79676949e-05 -1.50454986e-03 -1.20700174e-04
214              1.17110726e-01 -4.53447522e-01 7.40357963e-03 1.17156093e-01 -4.51942684e-01 7.54195235e-03 -4.53675253e-05 -1.50483842e-03 -1.38372721e-04
215              1.09278658e-01 -4.56117845e-01 8.02190597e-03 1.09332851e-01 -4.54618979e-01 8.16980572e-03 -5.41923111e-05 -1.49886528e-03 -1.47899746e-04
216              1.02110055e-01 -4.52070607e-01 8.75377315e-03 1.02171128e-01 -4.50584048e-01 8.90719763e-03 -6.10727590e-05 -1.48655894e-03 -1.53424480e-04
217              9.59113858e-02 -4.42365794e-01 9.48623019e-03 9.59789687e-02 -4.40896031e-01 9.64120792e-03 -6.75829128e-05 -1.46976321e-03 -1.54977730e-04
218              9.15187181e-02 -4.27519920e-01 1.01177643e-02 9.15875762e-02 -4.26073081e-01 1.02786474e-02 -6.88581269e-05 -1.44683923e-03 -1.60883099e-04
219              9.02822787e-02 -4.07357193e-01 1.06046055e-02 9.03499407e-02 -4.05941791e-01 1.07655649e-02 -6.76620385e-05 -1.41540172e-03 -1.60959347e-04
220              9.28874330e-02 -3.82346341e-01 1.10183366e-02 9.29520791e-02 -3.80962237e-01 1.11796752e-02 -6.46461105e-05 -1.38410336e-03 -1.61338588e-04
221              9.85611475e-02 -3.55437304e-01 1.15269446e-02 9.86182628e-02 -3.54077772e-01 1.16789532e-02 -5.71152317e-05 -1.35953194e-03 -1.52008642e-04
222              1.07329500e-01 -3.27312648e-01 1.20723492e-02 1.07372372e-01 -3.25964555e-01 1.22185947e-02 -4.28725191e-05 -1.34809301e-03 -1.46245584e-04
223              1.18458244e-01 -2.99418384e-01 1.26033875e-02 1.18487662e-01 -2.98072911e-01 1.27335373e-02 -2.94183701e-05 -1.34547290e-03 -1.30149754e-04
224              1.31178116e-01 -2.73427587e-01 1.30844314e-02 1.31199116e-01 -2.72075142e-01 1.31853733e-02 -2.10005677e-05 -1.35244511e-03 -1.00941880e-04
225              1.43819271e-01 -2.51929270e-01 1.35378826e-02 1.43839932e-01 -2.50568372e-01 1.35885353e-02 -2.06613457e-05 -1.36089834e-03 -5.06526846e-05
226              1.56683818e-01 -2.32969692e-01 1.39116577e-02 1.56702492e-01 -2.31599923e-01 1.38958424e-02 -1.86738860e-05 -1.36976901e-03 1.58152927e-05
227              1.69164895e-01 -2.17255752e-01 1.41512314e-02 1.69183072e-01 -2.15877255e-01 1.40515824e-02 -1.81773922e-05 -1.37849712e-03 9.96490332e-05
228              1.80913554e-01 -2.04669155e-01 1.42183592e-02 1.80929587e-01 -2.03283895e-01 1.40395723e-02 -1.60328857e-05 -1.38525980e-03 1.78786884e-04
229              1.91863635e-01 -1.94688341e-01 1.41115186e-02 1.91875012e-01 -1.93301490e-01 1.38656407e-02 -1.13774145e-05 -1.38685080e-03 2.45877962e-04
230              2.02678967e-01 -1.86191390e-01 1.38305138e-02 2.02682389e-01 -1.84804204e-01 1.35377058e-02 -3.42244697e-06 -1.38718580e-03 2.92807968e-04
231              2.11844547e-01 -1.80111752e-01 1.34667622e-02 2.11838917e-01 -1.78730198e-01 1.31544199e-02 5.62957915e-06 -1.38155377e-03 3.12342284e-04
232              2.19438871e-01 -1.76675198e-01 1.30095037e-02 2.19422162e-01 -1.75298975e-01 1.27077357e-02 1.67086518e-05 -1.37622325e-03 3.01767982e-04
233              2.25097781e-01 -1.74947884e-01 1.24875351e-02 2.25069920e-01 -1.73573939e-01 1.22142771e-02 2.78606213e-05 -1.37394486e-03 2.73257986e-04
234              2.29182936e-01 -1.75685709e-01 1.18593160e-02 2.29143344e-01 -1.74309293e-01 1.16190902e-02 3.95923865e-05 -1.37641536e-03 2.40225809e-04
235              2.31931779e-01 -1.79900226e-01 1.11113786e-02 2.31885566e-01 -1.78515330e-01 1.08976971e-02 4.62129078e-05 -1.38489650e-03 2.13681490e-04
236              2.33571692e-01 -1.88634346e-01 1.02416141e-02 2.33521715e-01 -1.87233952e-01 1.00490718e-02 4.99776243e-05 -1.40039422e-03 1.92542224e-04
237              2.33772973e-01 -2.02703090e-01 9.29530572e-03 2.33724070e-01 -2.01282059e-01 9.12493624e-03 4.89037191e-05 -1.42103069e-03 1.70369486e-04
238              2.31775992e-01 -2.22228750e-01 8.35475511e-03 2.31733262e-01 -2.20785173e-01 8.19982563e-03 4.27300684e-05 -1.44357752e-03 1.54929485e-04
239              2.28039852e-01 -2.44440749e-01 7.45558702e-03 2.28009118e-01 -2.42979069e-01 7.32368371e-03 3.07345602e-05 -1.46167997e-03 1.31903310e-04
240              2.21268678e-01 -2.70442005e-01 6.72681541e-03 2.21252037e-01 -2.68969025e-01 6.62137265e-03 1.66406609e-05 -1.47297993e-03 1.05442763e-04
241              2.11701267e-01 -2.98709620e-01 6.17899738e-03 2.11699043e-01 -2.97232684e-01 6.10939719e-03 2.22381978e-06 -1.47693618e-03 6.96001887e-05
242              1.99939762e-01 -3.27625480e-01 5.79877035e-03 1.99947664e-01 -3.26147840e-01 5.77457151e-03 -7.90188516e-06 -1.47763973e-03 2.41988417e-05
243              1.86339229e-01 -3.55893691e-01 5.56845313e-03 1.86351909e-01 -3.54416113e-01 5.59060201e-03 -1.26799773e-05 -1.47757844e-03 -2.21488775e-05
244              1.71987372e-01 -3.81041117e-01 5.43927613e-03 1.72004314e-01 -3.79556342e-01 5.50434085e-03 -1.69418258e-05 -1.48477444e-03 -6.50647163e-05
245              1.56205355e-01 -4.04501022e-01 5.42184842e-03 1.56230120e-01 -4.03009461e-01 5.52497210e-03 -2.47650817e-05 -1.49156135e-03 -1.03123683e-04
246              1.40081210e-01 -4.24548219e-01 5.50705822e-03 1.40113361e-01 -4.23047949e-01 5.65207215e-03 -3.21502365e-05 -1.50027032e-03 -1.45013937e-04
247              1.24045796e-01 -4.39672491e-01 5.76831632e-03 1.24088970e-01 -4.38167341e-01 5.95020855e-03 -4.31743285e-05 -1.50515065e-03 -1.81892228e-04
248              1.07462764e-01 -4.48900075e-01 6.28229349e-03 1.07521207e-01 -4.47398347e-01 6.48659833e-03 -5.84437898e-05 -1.50172756e-03 -2.04304843e-04
249              9.23974045e-02 -4.49378723e-01 6.96107219e-03 9.24719788e-02 -4.47887048e-01 7.18222856e-03 -7.45742627e-05 -1.49167549e-03 -2.21156374e-04
250              7.91597982e-02 -4.43156945e-01 7.73274724e-03 7.92468377e-02 -4.41681171e-01 7.96390575e-03 -8.70394892e-05 -1.47577376e-03 -2.31158505e-04
251              6.87578006e-02 -4.31565630e-01 8.53140988e-03 6.88530755e-02 -4.30109561e-01 8.77079810e-03 -9.52749577e-05 -1.45606877e-03 -2.39388217e-04
252              6.14798819e-02 -4.15049076e-01 9.42794577e-03 6.15776475e-02 -4.13618405e-01 9.67255218e-03 -9.77656325e-05 -1.43067128e-03 -2.44606412e-04
253              5.84474862e-02 -3.93677653e-01 1.03467989e-02 5.85414757e-02 -3.92278791e-01 1.05900032e-02 -9.39894779e-05 -1.39886133e-03 -2.43204268e-04
254              6.05989028e-02 -3.68147769e-01 1.12253347e-02 6.06795980e-02 -3.66776401e-01 1.14592260e-02 -8.06951345e-05 -1.37136829e-03 -2.33891238e-04
255              6.71980725e-02 -3.41417365e-01 1.21042343e-02 6.72579905e-02 -3.40063782e-01 1.23201882e-02 -5.99179345e-05 -1.35358382e-03 -2.15953870e-04
256              7.85998067e-02 -3.14261099e-01 1.28737777e-02 7.86352963e-02 -3.12913379e-01 1.30666229e-02 -3.54896423e-05 -1.34771994e-03 -1.92845197e-04
257              9.38891039e-02 -2.87960111e-01 1.35435391e-02 9.39059826e-02 -2.86611050e-01 1.37028197e-02 -1.68787069e-05 -1.34906092e-03 -1.59280652e-04
258              1.10785298e-01 -2.65131426e-01 1.42036388e-02 1.10794180e-01 -2.63775031e-01 1.43100340e-02 -8.88141878e-06 -1.35639502e-03 -1.06395254e-04
259              1.28999382e-01 -2.44559160e-01 1.48406436e-02 1.29003551e-01 -2.43193627e-01 1.48781032e-02 -4.16967540e-06 -1.36553259e-03 -3.74596190e-05
260              1.47253900e-01 -2.27135970e-01 1.53802106e-02 1.47253696e-01 -2.25760552e-01 1.53316068e-02 2.04023543e-07 -1.37541765e-03 4.86038768e-05
261              1.64889089e-01 -2.13053039e-01 1.57137686e-02 1.64887293e-01 -2.11669243e-01 1.55764572e-02 1.79610559e-06 -1.38379588e-03 1.37311483e-04
262              1.81475890e-01 -2.01707854e-01 1.58168842e-02 1.81472233e-01 -2.00318857e-01 1.55966698e-02 3.65688985e-06 -1.38899723e-03 2.20214449e-04
263              1.96782038e-01 -1.92577059e-01 1.57140789e-02 1.96774962e-01 -1.91188287e-01 1.54312958e-02 7.07595891e-06 -1.38877149e-03 2.82783157e-04
264              2.11503051e-01 -1.84621368e-01 1.54349101e-02 2.11489293e-01 -1.83234021e-01 1.51134811e-02 1.37579813e-05 -1.38734721e-03 3.21429016e-04
265              2.23551146e-01 -1.78886707e-01 1.50788970e-02 2.23530839e-01 -1.77506226e-01 1.47526122e-02 2.03069488e-05 -1.38048044e-03 3.26284758e-04
266              2.33593652e-01 -1.75853099e-01 1.45911190e-02 2.33562895e-01 -1.74477427e-01 1.42898283e-02 3.07572630e-05 -1.37567185e-03 3.01290705e-04
267              2.41532452e-01 -1.74787420e-01 1.39866315e-02 2.41489653e-01 -1.73412735e-01 1.37256486e-02 4.27992035e-05 -1.37468522e-03 2.60982883e-04
268              2.47784548e-01 -1.76499277e-01 1.32233305e-02 2.47729434e-01 -1.75120599e-01 1.29943802e-02 5.51130967e-05 -1.37867735e-03 2.28950291e-04
269              2.52880547e-01 -1.82180353e-01 1.22473054e-02 2.52817280e-01 -1.80790757e-01 1.20437427e-02 6.32673344e-05 -1.38959614e-03 2.03562622e-04
270              2.56875837e-01 -1.92640342e-01 1.10813039e-02 2.56806635e-01 -1.91233156e-01 1.08955344e-02 6.92026285e-05 -1.40718622e-03 1.85769501e-04
271              2.59016025e-01 -2.08441209e-01 9.81152072e-03 2.58947019e-01 -2.07012191e-01 9.64335689e-03 6.90056958e-05 -1.42901805e-03 1.68163833e-04
272              2.58184851e-01 -2.29378878e-01 8.56047711e-03 2.58124041e-01 -2.27928689e-01 8.39933889e-03 6.08092068e-05 -1.45018873e-03 1.61138227e-04
273              2.54930750e-01 -2.52587853e-01 7.37303606e-03 2.54885241e-01 -2.51121709e-01 7.23420811e-03 4.55084917e-05 -1.46614366e-03 1.38827953e-04
274              2.47559549e-01 -2.79051334e-01 6.40882299e-03 2.47532780e-01 -2.77575581e-01 6.30530202e-03 2.67686187e-05 -1.47575340e-03 1.03520973e-04
275              2.36281096e-01 -3.07247788e-01 5.67171206e-03 2.36273753e-01 -3.05767976e-01 5.61676721e-03 7.34317666e-06 -1.47981248e-03 5.49448457e-05
276              2.21798885e-01 -3.35638669e-01 5.12750784e-03 2.21804899e-01 -3.34157633e-01 5.13075989e-03 -6.01458680e-06 -1.48103581e-03 -3.25204314e-06
277              2.04559391e-01 -3.62987746e-01 4.75682406e-03 2.04573461e-01 -3.61506624e-01 4.81767099e-03 -1.40701044e-05 -1.48112114e-03 -6.08469310e-05
278              1.86049849e-01 -3.86969360e-01 4.51082320e-03 1.86071214e-01 -3.85481917e-01 4.62409686e-03 -2.13648060e-05 -1.48744315e-03 -1.13273669e-04
279              1.65257128e-01 -4.08951839e-01 4.42433102e-03 1.65288891e-01 -4.07458150e-01 4.58609051e-03 -3.17624154e-05 -1.49368850e-03 -1.61759487e-04
280              1.43202183e-01 -4.27137073e-01 4.51149632e-03 1.43245296e-01 -4.25636307e-01 4.72105930e-03 -4.31123695e-05 -1.50076636e-03 -2.09562981e-04
281              1.19631032e-01 -4.40431093e-01 4.85752321e-03 1.19692274e-01 -4.38931174e-01 5.10194453e-03 -6.12416823e-05 -1.49991882e-03 -2.44421317e-04
282              9.70899544e-02 -4.45351511e-01 5.44044796e-03 9.71711694e-02 -4.43855169e-01 5.70674440e-03 -8.12149976e-05 -1.49634162e-03 -2.66296444e-04
283              7.62586009e-02 -4.43489600e-01 6.13957907e-03 7.63569108e-02 -4.42007086e-01 6.42137638e-03 -9.83099184e-05 -1.48251395e-03 -2.81797307e-04
284              5.89775713e-02 -4.35699880e-01 6.85332075e-03 5.90860746e-02 -4.34235299e-01 7.14799348e-03 -1.08503281e-04 -1.46458119e-03 -2.94672736e-04
285              4.60342229e-02 -4.22650619e-01 7.73697166e-03 4.61496340e-02 -4.21209104e-01 8.03993585e-03 -1.15411015e-04 -1.44151413e-03 -3.02964190e-04
286              3.74721241e-02 -4.04751234e-01 8.90243905e-03 3.75872749e-02 -4.03336710e-01 9.20813102e-03 -1.15150759e-04 -1.41452338e-03 -3.05691969e-04
287              3.44920114e-02 -3.82405528e-01 1.01961467e-02 3.45949028e-02 -3.81019531e-01 1.05005419e-02 -1.02891344e-04 -1.38599616e-03 -3.04395173e-04
288              3.79579105e-02 -3.56536457e-01 1.14589652e-02 3.80362802e-02 -3.55171968e-01 1.17514176e-02 -7.83696502e-05 -1.36448846e-03 -2.92452392e-04
289              4.71004613e-02 -3.30089505e-01 1.26490121e-02 4.71488658e-02 -3.28736829e-01 1.29169135e-02 -4.84044619e-05 -1.35267570e-03 -2.67901371e-04
290              6.20162657e-02 -3.03942853e-01 1.36520709e-02 6.20369610e-02 -3.02592165e-01 1.38886292e-02 -2.06953720e-05 -1.35068820e-03 -2.36558323e-04
291              8.12378123e-02 -2.79108809e-01 1.45288030e-02 8.12403155e-02 -2.77755000e-01 1.47219736e-02 -2.50316624e-06 -1.35380960e-03 -1.93170534e-04
292              1.01986647e-01 -2.57914492e-01 1.53625174e-02 1.01984170e-01 -2.56553285e-01 1.54907022e-02 2.47764177e-06 -1.36120715e-03 -1.28184712e-04
293              1.24119974e-01 -2.39066990e-01 1.61285173e-02 1.24115481e-01 -2.37696556e-01 1.61735625e-02 4.49267869e-06 -1.37043398e-03 -4.50452042e-05
294              1.46196062e-01 -2.23437895e-01 1.67523418e-02 1.46191080e-01 -2.22058323e-01 1.66963250e-02 4.98213880e-06 -1.37957198e-03 5.60168016e-05
295              1.67217872e-01 -2.10984331e-01 1.71564366e-02 1.67214151e-01 -2.09596962e-01 1.69929843e-02 3.72111853e-06 -1.38736855e-03 1.63452266e-04
296              1.86789271e-01 -2.01126887e-01 1.72995281e-02 1.86785327e-01 -1.99735278e-01 1.70387861e-02 3.94370437e-06 -1.39160885e-03 2.60741976e-04
297              2.05847117e-01 -1.92552117e-01 1.71874399e-02 2.05838716e-01 -1.91158319e-01 1.68482663e-02 8.40037717e-06 -1.39379744e-03 3.39173644e-04
298              2.22220522e-01 -1.86151263e-01 1.69028183e-02 2.22204309e-01 -1.84762784e-01 1.65215332e-02 1.62131570e-05 -1.38847848e-03 3.81285104e-04
299              2.36862719e-01 -1.82035221e-01 1.64313007e-02 2.36834755e-01 -1.80652198e-01 1.60424600e-02 2.79633516e-05 -1.38302223e-03 3.88840693e-04
300              2.49498588e-01 -1.79511557e-01 1.58220987e-02 2.49454032e-01 -1.78131106e-01 1.54608587e-02 4.45559171e-05 -1.38045152e-03 3.61239990e-04
301              2.60016210e-01 -1.79392613e-01 1.50581353e-02 2.59952769e-01 -1.78011433e-01 1.47297471e-02 6.34408777e-05 -1.38117983e-03 3.28388245e-04
302              2.69098855e-01 -1.82543667e-01 1.40288236e-02 2.69017077e-01 -1.81156186e-01 1.37337344e-02 8.17772295e-05 -1.38748088e-03 2.95089150e-04
303              2.76980768e-01 -1.89831393e-01 1.27102168e-02 2.76885637e-01 -1.88430900e-01 1.24391597e-02 9.51311497e-05 -1.40049259e-03 2.71057081e-04
304              2.83256270e-01 -2.01930801e-01 1.11591927e-02 2.83153002e-01 -2.00510875e-01 1.09127979e-02 1.03268353e-04 -1.41992544e-03 2.46394811e-04
305              2.86546983e-01 -2.19087503e-01 9.53333563e-03 2.86447110e-01 -2.17646498e-01 9.30528134e-03 9.98727974e-05 -1.44100450e-03 2.28054291e-04
306              2.86973835e-01 -2.38936373e-01 7.95539173e-03 2.86887454e-01 -2.37476341e-01 7.75102042e-03 8.63807564e-05 -1.46003181e-03 2.04371307e-04
307              2.82105524e-01 -2.62874046e-01 6.61235413e-03 2.82042906e-01 -2.61400508e-01 6.44421864e-03 6.26178867e-05 -1.47353819e-03 1.68135494e-04
308              2.71761572e-01 -2.89519918e-01 5.52705951e-03 2.71725413e-01 -2.88038057e-01 5.41144104e-03 3.61585559e-05 -1.48186076e-03 1.15618469e-04
309              2.56474092e-01 -3.17251463e-01 4.68183922e-03 2.56462476e-01 -3.15766800e-01 4.63304368e-03 1.16156983e-05 -1.48466356e-03 4.87955372e-05
310              2.37149502e-01 -3.44635082e-01 4.03613335e-03 2.37154702e-01 -3.43150272e-01 4.06179016e-03 -5.20048652e-06 -1.48480958e-03 -2.56568067e-05
311              2.14348353e-01 -3.70435670e-01 3.58839604e-03 2.14365527e-01 -3.68952087e-01 3.68451238e-03 -1.71743986e-05 -1.48358328e-03 -9.61163414e-05
312              1.88757732e-01 -3.93672974e-01 3.32955352e-03 1.88785866e-01 -3.92187619e-01 3.48952830e-03 -2.81341013e-05 -1.48535503e-03 -1.59974786e-04
313              1.61328769e-01 -4.13244022e-01 3.25759172e-03 1.61371023e-01 -4.11754518e-01 3.48341398e-03 -4.22531496e-05 -1.48950429e-03 -2.25822266e-04
314              1.32925179e-01 -4.28092174e-01 3.42064708e-03 1.32986314e-01 -4.26599383e-01 3.70228465e-03 -6.11354120e-05 -1.49279044e-03 -2.81637576e-04
315              1.04423009e-01 -4.37432704e-01 3.80635246e-03 1.04508521e-01 -4.35941128e-01 4.13260798e-03 -8.55125491e-05 -1.49157620e-03 -3.26255524e-04
316              7.67031940e-02 -4.39212095e-01 4.48151812e-03 7.68118755e-02 -4.37725940e-01 4.83226234e-03 -1.08681473e-04 -1.48615470e-03 -3.50744219e-04
317              5.14722752e-02 -4.34790756e-01 5.29434701e-03 5.15995532e-02 -4.33318398e-01 5.65679860e-03 -1.27277930e-04 -1.47235777e-03 -3.62451585e-04
318              3.13596638e-02 -4.24802630e-01 6.16415162e-03 3.14956558e-02 -4.23350276e-01 6.52862522e-03 -1.35991994e-04 -1.45235428e-03 -3.64473605e-04
319              1.72693518e-02 -4.09887227e-01 7.30662757e-03 1.74087755e-02 -4.08460718e-01 7.67433112e-03 -1.39423723e-04 -1.42650908e-03 -3.67703544e-04
320              9.13103922e-03 -3.90705298e-01 8.85922957e-03 9.26128924e-03 -3.89304960e-01 9.22074812e-03 -1.30250022e-04 -1.40033761e-03 -3.61518546e-04
321              7.91327268e-03 -3.67880279e-01 1.05845234e-02 8.01828313e-03 -3.66502719e-01 1.09362435e-02 -1.05010442e-04 -1.37756050e-03 -3.51720082e-04
322              1.33584322e-02 -3.43739249e-01 1.22961760e-02 1.34256908e-02 -3.42376158e-01 1.26165352e-02 -6.72586270e-05 -1.36309111e-03 -3.20359152e-04
323              2.67065888e-02 -3.18703206e-01 1.37023411e-02 2.67364602e-02 -3.17346518e-01 1.39908024e-02 -2.98713983e-05 -1.35668743e-03 -2.88461312e-04
324              4.67386639e-02 -2.93800137e-01 1.48563017e-02 4.67390767e-02 -2.92444116e-01 1.51013151e-02 -4.12752674e-07 -1.35602075e-03 -2.45013401e-04
325              7.14134117e-02 -2.70557632e-01 1.58569444e-02 7.13976835e-02 -2.69197051e-01 1.60480402e-02 1.57282847e-05 -1.36058086e-03 -1.91095866e-04
326              9.83976196e-02 -2.50086497e-01 1.67927680e-02 9.83763704e-02 -2.48716693e-01 1.69040821e-02 2.12492211e-05 -1.36980454e-03 -1.11314111e-04
327              1.24658878e-01 -2.33985930e-01 1.76376483e-02 1.24640044e-01 -2.32608944e-01 1.76580983e-02 1.88337073e-05 -1.37698566e-03 -2.04500775e-05
328              1.50964271e-01 -2.20218366e-01 1.83137630e-02 1.50947205e-01 -2.18834683e-01 1.82230327e-02 1.70663038e-05 -1.38368341e-03 9.07303450e-05
329              1.76069134e-01 -2.09057858e-01 1.87287679e-02 1.76054307e-01 -2.07668991e-01 1.85347390e-02 1.48268300e-05 -1.38886719e-03 1.94028898e-04
330              2.00274120e-01 -1.99499536e-01 1.88889345e-02 2.00261121e-01 -1.98104318e-01 1.85989534e-02 1.29987541e-05 -1.39521773e-03 2.89981069e-04
331              2.20711896e-01 -1.92541807e-01 1.88363382e-02 2.20697638e-01 -1.91147578e-01 1.84858393e-02 1.42579261e-05 -1.39422854e-03 3.50498876e-04
332              2.37950200e-01 -1.87272494e-01 1.86408118e-02 2.37928471e-01 -1.85882237e-01 1.82525687e-02 2.17285869e-05 -1.39025675e-03 3.88243092e-04
333              2.53681479e-01 -1.84468107e-01 1.81390266e-02 2.53646518e-01 -1.83080787e-01 1.77630598e-02 3.49613508e-05 -1.38732004e-03 3.75966788e-04
334              2.67349823e-01 -1.83471851e-01 1.74257465e-02 2.67296433e-01 -1.82084150e-01 1.70749832e-02 5.33895949e-05 -1.38770182e-03 3.50763370e-04
335              2.79422133e-01 -1.85203959e-01 1.64171525e-02 2.79348408e-01 -1.83811638e-01 1.60964247e-02 7.37255272e-05 -1.39232119e-03 3.20727797e-04
336              2.90699855e-01 -1.90385737e-01 1.50295836e-02 2.90605869e-01 -1.88983676e-01 1.47323859e-02 9.39860238e-05 -1.40206144e-03 2.97197637e-04
337              3.01012801e-01 -1.99572658e-01 1.32919762e-02 3.00901711e-01 -1.98155395e-01 1.30154184e-02 1.11090060e-04 -1.41726282e-03 2.76557803e-04
338              3.09240994e-01 -2.13026042e-01 1.13462704e-02 3.09121802e-01 -2.11590117e-01 1.10850260e-02 1.19191636e-04 -1.43592558e-03 2.61244477e-04
339              3.15043355e-01 -2.28892034e-01 9.40846778e-03 3.14929960e-01 -2.27438033e-01 9.17093294e-03 1.13395020e-04 -1.45400117e-03 2.37534835e-04
340              3.15036811e-01 -2.48932626e-01 7.69840339e-03 3.14943301e-01 -2.47462973e-01 7.49050424e-03 9.35100537e-05 -1.46965349e-03 2.07899149e-04
341              3.08363161e-01 -2.72212601e-01 6.24001894e-03 3.08299091e-01 -2.70730725e-01 6.07903165e-03 6.40704077e-05 -1.48187599e-03 1.60987286e-04
342              2.95030753e-01 -2.97360241e-01 5.04446298e-03 2.94998614e-01 -2.95870760e-01 4.95130446e-03 3.21389137e-05 -1.48948097e-03 9.31585211e-05
343              2.75728117e-01 -3.23034769e-01 4.08867178e-03 2.75724232e-01 -3.21543400e-01 4.07891150e-03 3.88481123e-06 -1.49136875e-03 9.76027938e-06
344              2.51314041e-01 -3.47903618e-01 3.36326633e-03 2.51330715e-01 -3.46413729e-01 3.43883168e-03 -1.66737220e-05 -1.48988902e-03 -7.55653485e-05
345              2.22722721e-01 -3.70881079e-01 2.85222026e-03 2.22754924e-01 -3.69393890e-01 3.00488134e-03 -3.22031646e-05 -1.48718909e-03 -1.52661077e-04
346              1.90885499e-01 -3.91061590e-01 2.54696155e-03 1.90931452e-01 -3.89574857e-01 2.77226147e-03 -4.59538122e-05 -1.48673335e-03 -2.25299926e-04
347              1.56931859e-01 -4.07390924e-01 2.47035706e-03 1.56995998e-01 -4.05903401e-01 2.75843299e-03 -6.41390205e-05 -1.48752309e-03 -2.88075923e-04
348              1.22031313e-01 -4.18875625e-01 2.63919444e-03 1.22118359e-01 -4.17388320e-01 2.98291213e-03 -8.70466578e-05 -1.48730434e-03 -3.43717685e-04
349              8.68903166e-02 -4.23593308e-01 3.19456245e-03 8.70044440e-02 -4.22111215e-01 3.57153603e-03 -1.14127387e-04 -1.48209270e-03 -3.76973579e-04
350              5.34612393e-02 -4.22301629e-01 3.93637123e-03 5.36014028e-02 -4.20831215e-01 4.33541328e-03 -1.40163499e-04 -1.47041412e-03 -3.99042046e-04
351              2.49046828e-02 -4.15501542e-01 4.70025364e-03 2.50613041e-02 -4.14049825e-01 5.10869601e-03 -1.56621320e-04 -1.45171750e-03 -4.08442368e-04
352              3.82924832e-03 -4.03662281e-01 5.62675824e-03 3.99184974e-03 -4.02233877e-01 6.04112085e-03 -1.62601424e-04 -1.42840481e-03 -4.14362607e-04
353              -9.44178488e-03 -3.87664359e-01 7.03910860e-03 -9.28469630e-03 -3.86258824e-01 7.45072394e-03 -1.57088575e-04 -1.40553464e-03 -4.11615333e-04
354              -1.52775094e-02 -3.68402320e-01 8.97312324e-03 -1.51442118e-02 -3.67016558e-01 9.37822273e-03 -1.33297628e-04 -1.38576124e-03 -4.05099483e-04
355              -1.43084848e-02 -3.47821741e-01 1.11648104e-02 -1.42159215e-02 -3.46450000e-01 1.15380799e-02 -9.25633183e-05 -1.37174167e-03 -3.73269530e-04
356              -4.25564409e-03 -3.25783463e-01 1.30586198e-02 -4.21038890e-03 -3.24420453e-01 1.33922788e-02 -4.52551842e-05 -1.36301014e-03 -3.33659052e-04
357              1.44956599e-02 -3.02968673e-01 1.45695056e-02 1.45001773e-02 -3.01608979e-01 1.48525940e-02 -4.51745719e-06 -1.35969398e-03 -2.83088398e-04
358              3.99195016e-02 -2.80859378e-01 1.57944307e-02 3.98974709e-02 -2.79498013e-01 1.60201695e-02 2.20307313e-05 -1.36136498e-03 -2.25738865e-04
359              6.96124609e-02 -2.60594867e-01 1.68430695e-02 6.95777731e-02 -2.59226693e-01 1.69934729e-02 3.46877471e-05 -1.36817396e-03 -1.50403343e-04
360              1.01121418e-01 -2.43058085e-01 1.77769539e-02 1.01085510e-01 -2.41682230e-01 1.78406638e-02 3.59072881e-05 -1.37585539e-03 -6.37099176e-05
361              1.32305797e-01 -2.28434932e-01 1.85949575e-02 1.32274495e-01 -2.27050943e-01 1.85530541e-02 3.13018033e-05 -1.38398833e-03 4.19034349e-05
362              1.61914440e-01 -2.16664501e-01 1.92100422e-02 1.61889064e-01 -2.15275564e-01 1.90608922e-02 2.53759752e-05 -1.38893738e-03 1.49149955e-04
363              1.89091794e-01 -2.07243566e-01 1.95905704e-02 1.89071586e-01 -2.05850770e-01 1.93386604e-02 2.02080302e-05 -1.39279525e-03 2.51909974e-04
364              2.13217494e-01 -1.99892989e-01 1.97455168e-02 2.13199415e-01 -1.98499259e-01 1.94129496e-02 1.80791566e-05 -1.39372987e-03 3.32567226e-04
365              2.33908956e-01 -1.94264042e-01 1.97219773e-02 2.33888475e-01 -1.92870142e-01 1.93318565e-02 2.04808704e-05 -1.39389927e-03 3.90120777e-04
366              2.51494962e-01 -1.90531069e-01 1.95036209e-02 2.51465809e-01 -1.89137629e-01 1.90945890e-02 2.91528238e-05 -1.39343918e-03 4.09031899e-04
367              2.67355402e-01 -1.89747365e-01 1.89271314e-02 2.67311835e-01 -1.88351604e-01 1.85348655e-02 4.35672783e-05 -1.39576182e-03 3.92265953e-04
368              2.81333875e-01 -1.91263564e-01 1.80177448e-02 2.81271093e-01 -1.89862786e-01 1.76560459e-02 6.27820187e-05 -1.40077780e-03 3.61698897e-04
369              2.94295920e-01 -1.95602437e-01 1.66957557e-02 2.94211747e-01 -1.94193149e-01 1.63627603e-02 8.41732298e-05 -1.40928829e-03 3.32995394e-04
370              3.06754773e-01 -2.03227579e-01 1.49321156e-02 3.06649106e-01 -2.01806008e-01 1.46281234e-02 1.05667548e-04 -1.42157061e-03 3.03992196e-04
371              3.17919006e-01 -2.14298745e-01 1.28573396e-02 3.17800025e-01 -2.12862164e-01 1.25757568e-02 1.18980781e-04 -1.43658120e-03 2.81582779e-04
372              3.27457966e-01 -2.27213132e-01 1.07245414e-02 3.27336140e-01 -2.25761355e-01 1.04731502e-02 1.21825598e-04 -1.45177659e-03 2.51391245e-04
373              3.31752526e-01 -2.43791389e-01 8.76091965e-03 3.31645004e-01 -2.42325158e-01 8.54275412e-03 1.07522254e-04 -1.46623020e-03 2.18165533e-04
374              3.29321874e-01 -2.63516079e-01 7.01240344e-03 3.29241886e-01 -2.62036457e-01 6.84266645e-03 7.99873611e-05 -1.47962207e-03 1.69736994e-04
375              3.19508113e-01 -2.85400585e-01 5.53320997e-03 3.19465512e-01 -2.83909731e-01 5.43185416e-03 4.26007850e-05 -1.49085410e-03 1.01355814e-04
376              3.02452183e-01 -3.08364794e-01 4.33674837e-03 3.02446841e-01 -3.06867388e-01 4.32153004e-03 5.34188894e-06 -1.49740603e-03 1.52183328e-05
377              2.78819464e-01 -3.31188497e-01 3.41848585e-03 2.78844800e-01 -3.29689926e-01 3.49474126e-03 -2.53353448e-05 -1.49857128e-03 -7.62554122e-05
378              2.49645297e-01 -3.52769248e-01 2.74507069e-03 2.49692296e-01 -3.51273929e-01 2.90757932e-03 -4.69992013e-05 -1.49531839e-03 -1.62508631e-04
379              2.16204996e-01 -3.72133438e-01 2.27736872e-03 2.16266959e-01 -3.70642090e-01 2.52114642e-03 -6.19636408e-05 -1.49134755e-03 -2.43777703e-04
380              1.79507070e-01 -3.88379309e-01 2.04498504e-03 1.79584662e-01 -3.86891295e-01 2.36165525e-03 -7.75917009e-05 -1.48801394e-03 -3.16670206e-04
381              1.40686334e-01 -4.00549650e-01 2.07175591e-03 1.40785175e-01 -3.99064668e-01 2.45170319e-03 -9.88418743e-05 -1.48498214e-03 -3.79947277e-04
382              1.00377319e-01 -4.06806382e-01 2.52702677e-03 1.00502129e-01 -4.05327648e-01 2.94845568e-03 -1.24810412e-04 -1.47873473e-03 -4.21428913e-04
383              6.11516437e-02 -4.07610832e-01 3.17631906e-03 6.13054701e-02 -4.06142701e-01 3.62394022e-03 -1.53826489e-04 -1.46813120e-03 -4.47621162e-04
384              2.63391847e-02 -4.03157894e-01 3.84651707e-03 2.65149059e-02 -4.01706192e-01 4.30759470e-03 -1.75721192e-04 -1.45170213e-03 -4.61077623e-04
385              -7.96096711e-04 -3.93833631e-01 4.61734622e-03 -6.09863361e-04 -3.92403093e-01 5.07924690e-03 -1.86233350e-04 -1.43053740e-03 -4.61900677e-04
386              -1.85183053e-02 -3.80269746e-01 5.76864832e-03 -1.83385724e-02 -3.78860396e-01 6.22940909e-03 -1.79732993e-04 -1.40934950e-03 -4.60760776e-04
387              -2.70964544e-02 -3.63411249e-01 7.54915218e-03 -2.69407111e-02 -3.62019570e-01 7.99399065e-03 -1.55743299e-04 -1.39167948e-03 -4.44838470e-04
388              -2.70311288e-02 -3.44272709e-01 9.80324454e-03 -2.69182968e-02 -3.42894010e-01 1.02179339e-02 -1.12832011e-04 -1.37869862e-03 -4.14689312e-04
389              -1.93498592e-02 -3.24649044e-01 1.21772626e-02 -1.92901472e-02 -3.23279177e-01 1.25417240e-02 -5.97119502e-05 -1.36986723e-03 -3.64461393e-04
390              -2.64434225e-03 -3.04377060e-01 1.41481154e-02 -2.63729740e-03 -3.03012800e-01 1.44548506e-02 -7.04485525e-06 -1.36425999e-03 -3.06735148e-04
391              2.21674871e-02 -2.84014556e-01 1.56293370e-02 2.21359695e-02 -2.82652348e-01 1.58729030e-02 3.15176130e-05 -1.36220804e-03 -2.43565925e-04
392              5.27567766e-02 -2.64582995e-01 1.67478160e-02 5.27041669e-02 -2.63218227e-01 1.69179610e-02 5.26096719e-05 -1.36476801e-03 -1.70144929e-04
393              8.64382980e-02 -2.47154355e-01 1.76488354e-02 8.63813876e-02 -2.45782857e-01 1.77396180e-02 5.69103931e-05 -1.37149787e-03 -9.07825650e-05
394              1.20545038e-01 -2.32319888e-01 1.84399485e-02 1.20493547e-01 -2.30940154e-01 1.84387593e-02 5.14916324e-05 -1.37973403e-03 1.18922596e-06
395              1.53212103e-01 -2.20289920e-01 1.91126071e-02 1.53171659e-01 -2.18902728e-01 1.90134585e-02 4.04447408e-05 -1.38719117e-03 9.91486536e-05
396              1.83110258e-01 -2.10727721e-01 1.96445161e-02 1.83079922e-01 -2.09334890e-01 1.94474281e-02 3.03360600e-05 -1.39283068e-03 1.97088035e-04
397              2.09370281e-01 -2.03398313e-01 2.00126349e-02 2.09349440e-01 -2.02001410e-01 1.97334041e-02 2.08405815e-05 -1.39690304e-03 2.79230767e-04
398              2.31569219e-01 -1.97976514e-01 2.02228566e-02 2.31552363e-01 -1.96577272e-01 1.98777356e-02 1.68562480e-05 -1.39924214e-03 3.45121024e-04
399              2.50023998e-01 -1.94560987e-01 2.02424096e-02 2.50005695e-01 -1.93160085e-01 1.98621070e-02 1.83023850e-05 -1.40090181e-03 3.80302601e-04
400              2.65440786e-01 -1.93266577e-01 2.00377143e-02 2.65412726e-01 -1.91863190e-01 1.96431489e-02 2.80600558e-05 -1.40338651e-03 3.94565418e-04
401              2.78850568e-01 -1.94499450e-01 1.95048739e-02 2.78806930e-01 -1.93090987e-01 1.91216026e-02 4.36376944e-05 -1.40846285e-03 3.83271330e-04
402              2.91605630e-01 -1.99579091e-01 1.83823748e-02 2.91542528e-01 -1.98162098e-01 1.80309439e-02 6.31027381e-05 -1.41699347e-03 3.51430862e-04
403              3.04286923e-01 -2.07186836e-01 1.67194201e-02 3.04203025e-01 -2.05757659e-01 1.64023439e-02 8.38978458e-05 -1.42917653e-03 3.17076204e-04
404              3.16557879e-01 -2.17339887e-01 1.46626525e-02 3.16458219e-01 -2.15897905e-01 1.43736713e-02 9.96600488e-05 -1.44198117e-03 2.88981153e-04
405              3.28241112e-01 -2.28650599e-01 1.25004361e-02 3.28134190e-01 -2.27195826e-01 1.22389386e-02 1.06921869e-04 -1.45477331e-03 2.61497498e-04
406              3.36099256e-01 -2.42746422e-01 1.04024189e-02 3.35998622e-01 -2.41280502e-01 1.01767185e-02 1.00634858e-04 -1.46592034e-03 2.25700335e-04
407              3.38288336e-01 -2.59404167e-01 8.44452257e-03 3.38209748e-01 -2.57925877e-01 8.26829169e-03 7.85880272e-05 -1.47829059e-03 1.76230884e-04
408              3.33376398e-01 -2.78024948e-01 6.72216979e-03 3.33332377e-01 -2.76535260e-01 6.61540222e-03 4.40208650e-05 -1.48968770e-03 1.06767571e-04
409              3.20707175e-01 -2.97878378e-01 5.29766780e-03 3.20704056e-01 -2.96378562e-01 5.27602419e-03 3.11982284e-06 -1.49981582e-03 2.16436084e-05
410              3.00403461e-01 -3.18003320e-01 4.17929987e-03 3.00438686e-01 -3.16498379e-01 4.25253474e-03 -3.52244254e-05 -1.50494023e-03 -7.32348685e-05
411              2.73126701e-01 -3.37402149e-01 3.34426122e-03 2.73192496e-01 -3.35896843e-01 3.50720171e-03 -6.57947299e-05 -1.50530635e-03 -1.62940489e-04
412              2.40139820e-01 -3.55165739e-01 2.73311324e-03 2.40224960e-01 -3.53665394e-01 2.98114317e-03 -8.51394055e-05 -1.50034523e-03 -2.48029926e-04
413              2.02702027e-01 -3.70349202e-01 2.32626383e-03 2.02802738e-01 -3.68855150e-01 2.64957368e-03 -1.00711141e-04 -1.49405226e-03 -3.23309848e-04
414              1.62016132e-01 -3.82157426e-01 2.14456040e-03 1.62135049e-01 -3.80670894e-01 2.53652509e-03 -1.18916346e-04 -1.48653183e-03 -3.91964689e-04
415              1.18450075e-01 -3.88977675e-01 2.40478107e-03 1.18592044e-01 -3.87499846e-01 2.83431105e-03 -1.41969477e-04 -1.47782945e-03 -4.29529979e-04
416              7.51444541e-02 -3.90947237e-01 2.83643300e-03 7.53126359e-02 -3.89481783e-01 3.29792692e-03 -1.68181800e-04 -1.46545488e-03 -4.61493927e-04
417              3.59471258e-02 -3.88272934e-01 3.29166760e-03 3.61394869e-02 -3.86821836e-01 3.76411844e-03 -1.92361071e-04 -1.45109780e-03 -4.72450843e-04
418              4.08227422e-03 -3.81118160e-01 3.86905617e-03 4.28813798e-03 -3.79685493e-01 4.34267531e-03 -2.05863759e-04 -1.43266662e-03 -4.73619138e-04
419              -1.84101092e-02 -3.69843075e-01 4.81638219e-03 -1.82093712e-02 -3.68428321e-01 5.27633261e-03 -2.00737988e-04 -1.41475461e-03 -4.59950421e-04
420              -3.03871920e-02 -3.55149626e-01 6.28918365e-03 -3.02133888e-02 -3.53751999e-01 6.72779860e-03 -1.73803195e-04 -1.39762620e-03 -4.38614942e-04
421              -3.23052851e-02 -3.38000533e-01 8.33988430e-03 -3.21764979e-02 -3.36615309e-01 8.73659237e-03 -1.28787210e-04 -1.38522388e-03 -3.96708076e-04
422              -2.65320619e-02 -3.20424183e-01 1.08188834e-02 -2.64586133e-02 -3.19049074e-01 1.11625812e-02 -7.34485774e-05 -1.37510887e-03 -3.43697749e-04
423              -1.18665936e-02 -3.02015992e-01 1.30862897e-02 -1.18523413e-02 -3.00647906e-01 1.33645091e-02 -1.42522590e-05 -1.36808626e-03 -2.78219389e-04
424              1.13340608e-02 -2.83002521e-01 1.48510060e-02 1.12989392e-02 -2.81640682e-01 1.50645130e-02 3.51216038e-05 -1.36183906e-03 -2.13506967e-04
425              4.11396170e-02 -2.64365382e-01 1.61430803e-02 4.10738244e-02 -2.63004087e-01 1.62822395e-02 6.57925948e-05 -1.36129543e-03 -1.39159148e-04
426              7.49664409e-02 -2.47252506e-01 1.70937013e-02 7.48898099e-02 -2.45887875e-01 1.71635498e-02 7.66309842e-05 -1.36463129e-03 -6.98484729e-05
427              1.09963934e-01 -2.32419698e-01 1.78847139e-02 1.09892604e-01 -2.31046945e-01 1.78755542e-02 7.13304539e-05 -1.37275313e-03 9.15970727e-06
428              1.43801050e-01 -2.20377148e-01 1.85914455e-02 1.43743723e-01 -2.18995956e-01 1.85035699e-02 5.73271852e-05 -1.38119154e-03 8.78755766e-05
429              1.74771364e-01 -2.11009340e-01 1.92304883e-02 1.74730593e-01 -2.09619875e-01 1.90572639e-02 4.07707759e-05 -1.38946567e-03 1.73224401e-04
430              2.01897241e-01 -2.04176097e-01 1.97598480e-02 2.01870852e-01 -2.02780259e-01 1.95120723e-02 2.63888463e-05 -1.39583779e-03 2.47775740e-04
431              2.24806545e-01 -1.99628759e-01 2.01487101e-02 2.24791705e-01 -1.98226925e-01 1.98354185e-02 1.48401636e-05 -1.40183361e-03 3.13291617e-04
432              2.43829004e-01 -1.97459673e-01 2.03515686e-02 2.43819510e-01 -1.96052840e-01 1.99917013e-02 9.49401876e-06 -1.40683305e-03 3.59867359e-04
433              2.59709977e-01 -1.97685055e-01 2.03177180e-02 2.59698621e-01 -1.96271738e-01 1.99280332e-02 1.13559688e-05 -1.41331707e-03 3.89684752e-04
434              2.73553369e-01 -2.00548084e-01 1.99509139e-02 2.73530783e-01 -1.99127837e-01 1.95512470e-02 2.25866421e-05 -1.42024673e-03 3.99666878e-04
435              2.86547987e-01 -2.05971710e-01 1.91448414e-02 2.86507731e-01 -2.04541890e-01 1.87525027e-02 4.02561526e-05 -1.42981974e-03 3.92338663e-04
436              2.99709565e-01 -2.14938187e-01 1.76692956e-02 2.99649556e-01 -2.13497592e-01 1.73033926e-02 6.00093617e-05 -1.44059480e-03 3.65902931e-04
437              3.13090221e-01 -2.25667421e-01 1.56966849e-02 3.13014221e-01 -2.24215527e-01 1.53581057e-02 7.59999009e-05 -1.45189425e-03 3.38579268e-04
438              3.26291481e-01 -2.36738620e-01 1.35871215e-02 3.26205973e-01 -2.35277895e-01 1.32761146e-02 8.55079562e-05 -1.46072452e-03 3.11006978e-04
439              3.36491639e-01 -2.49535255e-01 1.14682465e-02 3.36407606e-01 -2.48066436e-01 1.11959833e-02 8.40321831e-05 -1.46881924e-03 2.72263194e-04
440              3.41865499e-01 -2.63970850e-01 9.40519935e-03 3.41796157e-01 -2.62493291e-01 9.19292874e-03 6.93422504e-05 -1.47755905e-03 2.12270609e-04
441              3.40487799e-01 -2.79715452e-01 7.52420057e-03 3.40446402e-01 -2.78227028e-01 7.39188389e-03 4.13966519e-05 -1.48842401e-03 1.32316678e-04
442              3.31118063e-01 -2.96332892e-01 5.91534078e-03 3.31114795e-01 -2.94834452e-01 5.87678112e-03 3.26842813e-06 -1.49844041e-03 3.85596625e-05
443              3.13301213e-01 -3.13130795e-01 4.62421493e-03 3.13339070e-01 -3.11624319e-01 4.68391351e-03 -3.78572771e-05 -1.50647622e-03 -5.96985768e-05
444              2.87393047e-01 -3.29304770e-01 3.63691590e-03 2.87468494e-01 -3.27795626e-01 3.79442747e-03 -7.54470643e-05 -1.50914352e-03 -1.57511570e-04
445              2.54420208e-01 -3.44035575e-01 2.91401340e-03 2.54525039e-01 -3.42528798e-01 3.16376710e-03 -1.04831362e-04 -1.50677633e-03 -2.49753698e-04
446              2.15795766e-01 -3.56485697e-01 2.41508721e-03 2.15923066e-01 -3.54987891e-01 2.74921820e-03 -1.27300099e-04 -1.49780629e-03 -3.34130995e-04
447              1.72933267e-01 -3.65902308e-01 2.14336493e-03 1.73081135e-01 -3.64415471e-01 2.54825394e-03 -1.47868284e-04 -1.48683763e-03 -4.04889008e-04
448              1.26313805e-01 -3.71047627e-01 2.29996807e-03 1.26483899e-01 -3.69574675e-01 2.74352775e-03 -1.70094276e-04 -1.47295222e-03 -4.43559681e-04
449              7.97950417e-02 -3.72039370e-01 2.59142622e-03 7.99892455e-02 -3.70581336e-01 3.06089425e-03 -1.94203823e-04 -1.45803437e-03 -4.69468031e-04
450              3.74422970e-02 -3.69151293e-01 2.89697515e-03 3.76563210e-02 -3.67709459e-01 3.38337969e-03 -2.14023951e-04 -1.44183327e-03 -4.86404543e-04
451              2.67602475e-03 -3.62683155e-01 3.34893433e-03 2.90017325e-03 -3.61255309e-01 3.83354199e-03 -2.24148499e-04 -1.42784580e-03 -4.84607654e-04
452              -2.19721677e-02 -3.52946828e-01 4.14247665e-03 -2.17567976e-02 -3.51532355e-01 4.61179849e-03 -2.15370025e-04 -1.41447333e-03 -4.69321845e-04
453              -3.52417573e-02 -3.40262488e-01 5.45048528e-03 -3.50567860e-02 -3.38860026e-01 5.88229543e-03 -1.84971324e-04 -1.40246220e-03 -4.31810151e-04
454              -3.69355228e-02 -3.25184482e-01 7.29610378e-03 -3.68026845e-02 -3.23792873e-01 7.67338303e-03 -1.32838302e-04 -1.39160937e-03 -3.77279248e-04
455              -2.98783453e-02 -3.09655697e-01 9.68742840e-03 -2.98072677e-02 -3.08272366e-01 9.99716803e-03 -7.10776584e-05 -1.38333018e-03 -3.09739626e-04
456              -1.40468193e-02 -2.93528158e-01 1.20682606e-02 -1.40398150e-02 -2.92152575e-01 1.23085480e-02 -7.00436990e-06 -1.37558304e-03 -2.40287441e-04
457              9.89225775e-03 -2.76858929e-01 1.40562232e-02 9.84403715e-03 -2.75491244e-01 1.42308264e-02 4.82205973e-05 -1.36768511e-03 -1.74603207e-04
458              4.01993731e-02 -2.60159617e-01 1.55376671e-02 4.01147362e-02 -2.58796638e-01 1.56499235e-02 8.46368846e-05 -1.36297881e-03 -1.12256373e-04
459              7.43549543e-02 -2.44359758e-01 1.65986626e-02 7.42569906e-02 -2.42996761e-01 1.66517711e-02 9.79636683e-05 -1.36299747e-03 -5.31084813e-05
460              1.09669425e-01 -2.30276817e-01 1.74074913e-02 1.09575836e-01 -2.28909077e-01 1.74026718e-02 9.35890671e-05 -1.36773994e-03 4.81943979e-06
461              1.43588942e-01 -2.18556620e-01 1.81220614e-02 1.43514081e-01 -2.17181168e-01 1.80569375e-02 7.48606624e-05 -1.37545262e-03 6.51239389e-05
462              1.74127083e-01 -2.09408330e-01 1.88096295e-02 1.74074323e-01 -2.08024665e-01 1.86780974e-02 5.27600570e-05 -1.38366463e-03 1.31532140e-04
463              2.00474629e-01 -2.02899929e-01 1.94315978e-02 2.00444747e-01 -2.01508161e-01 1.92354857e-02 2.98812509e-05 -1.39176752e-03 1.96112128e-04
464              2.22501391e-01 -1.99055924e-01 1.99302845e-02 2.22490202e-01 -1.97656122e-01 1.96706829e-02 1.11886024e-05 -1.39980251e-03 2.59601613e-04
465              2.40755086e-01 -1.98028856e-01 2.02314130e-02 2.40756661e-01 -1.96620438e-01 1.99150672e-02 -1.57493603e-06 -1.40841778e-03 3.16345846e-04
466              2.56244429e-01 -1.99909474e-01 2.02544894e-02 2.56249315e-01 -1.98491498e-01 1.98906164e-02 -4.88550310e-06 -1.41797596e-03 3.63873053e-04
467              2.70107193e-01 -2.04828256e-01 1.99136783e-02 2.70105746e-01 -2.03398840e-01 1.95178718e-02 1.44739489e-06 -1.42941571e-03 3.95806427e-04
468              2.83496084e-01 -2.12474777e-01 1.91316484e-02 2.83479772e-01 -2.11033629e-01 1.87183470e-02 1.63118499e-05 -1.44114863e-03 4.13301437e-04
469              2.97164110e-01 -2.22306933e-01 1.78782543e-02 2.97129580e-01 -2.20854420e-01 1.74609795e-02 3.45307621e-05 -1.45251291e-03 4.17274876e-04
470              3.11140854e-01 -2.33623027e-01 1.62047278e-02 3.11089719e-01 -2.32161895e-01 1.57993341e-02 5.11354526e-05 -1.46113205e-03 4.05393645e-04
471              3.24450854e-01 -2.45914849e-01 1.42396509e-02 3.24390114e-01 -2.44446686e-01 1.38594593e-02 6.07399965e-05 -1.46816316e-03 3.80191607e-04
472              3.35493704e-01 -2.58857195e-01 1.21269292e-02 3.35431942e-01 -2.57384034e-01 1.17952587e-02 6.17622190e-05 -1.47316038e-03 3.31670566e-04
473              3.42117086e-01 -2.72264044e-01 1.00352948e-02 3.42064857e-01 -2.70785088e-01 9.77219186e-03 5.22290944e-05 -1.47895627e-03 2.63102951e-04
474              3.42299204e-01 -2.86005244e-01 8.09712876e-03 3.42267564e-01 -2.84519826e-01 7.92294799e-03 3.16391591e-05 -1.48541814e-03 1.74180775e-04
475              3.34372324e-01 -2.99798498e-01 6.42837394e-03 3.34372657e-01 -2.98305036e-01 6.34784387e-03 -3.32844931e-07 -1.49346204e-03 8.05300677e-05
476              3.17584590e-01 -3.13224009e-01 5.06581761e-03 3.17621921e-01 -3.11724626e-01 5.08523928e-03 -3.73305275e-05 -1.49938238e-03 -1.94216628e-05
477              2.92017404e-01 -3.25691459e-01 4.00787173e-03 2.92092770e-01 -3.24188985e-01 4.12274138e-03 -7.53659336e-05 -1.50247428e-03 -1.14869651e-04
478              2.58579891e-01 -3.36571089e-01 3.21251840e-03 2.58689475e-01 -3.35071686e-01 3.42578616e-03 -1.09584327e-04 -1.49940276e-03 -2.13267758e-04
479              2.18652972e-01 -3.45150383e-01 2.65425544e-03 2.18792665e-01 -3.43659891e-01 2.95488556e-03 -1.39693221e-04 -1.49049181e-03 -3.00630128e-04
480              1.72191233e-01 -3.50510492e-01 2.54749581e-03 1.72356528e-01 -3.49034157e-01 2.90984810e-03 -1.65294515e-04 -1.47633500e-03 -3.62352291e-04
481              1.23300362e-01 -3.52595545e-01 2.54568017e-03 1.23492342e-01 -3.51135882e-01 2.94999796e-03 -1.91980714e-04 -1.45966348e-03 -4.04317789e-04
482              7.63186776e-02 -3.51644144e-01 2.48621246e-03 7.65328486e-02 -3.50201400e-01 2.93146411e-03 -2.14171033e-04 -1.44274397e-03 -4.45251655e-04
483              3.47958071e-02 -3.47841094e-01 2.52065412e-03 3.50240055e-02 -3.46412096e-01 2.98803378e-03 -2.28198437e-04 -1.42899802e-03 -4.67379657e-04
484              1.61189317e-03 -3.41619654e-01 2.85005598e-03 1.84050668e-03 -3.40200853e-01 3.32202025e-03 -2.28613504e-04 -1.41880089e-03 -4.71964278e-04
485              -2.12619219e-02 -3.33010434e-01 3.66111533e-03 -2.10505767e-02 -3.31599191e-01 4.10600839e-03 -2.11345133e-04 -1.41124344e-03 -4.44893058e-04
486              -3.41159360e-02 -3.23166090e-01 5.07693876e-03 -3.39413184e-02 -3.21761707e-01 5.47441363e-03 -1.74617639e-04 -1.40438289e-03 -3.97474875e-04
487              -3.56503559e-02 -3.11454006e-01 6.84626311e-03 -3.55289212e-02 -3.10054897e-01 7.16636464e-03 -1.21434649e-04 -1.39910954e-03 -3.20101533e-04
488              -2.64042181e-02 -2.98116313e-01 8.81906963e-03 -2.63448771e-02 -2.96724455e-01 9.06740688e-03 -5.93410710e-05 -1.39185826e-03 -2.48337252e-04
489              -8.17349804e-03 -2.83685191e-01 1.08385991e-02 -8.17687552e-03 -2.82300599e-01 1.10149923e-02 3.37748031e-06 -1.38459135e-03 -1.76393237e-04
490              1.74040435e-02 -2.68792264e-01 1.26651986e-02 1.73467491e-02 -2.67416723e-01 1.27883245e-02 5.72943246e-05 -1.37554086e-03 -1.23125884e-04
491              4.80362564e-02 -2.53854725e-01 1.42030842e-02 4.79434680e-02 -2.52486145e-01 1.42740770e-02 9.27884153e-05 -1.36858027e-03 -7.09928353e-05
492              8.14218858e-02 -2.39608049e-01 1.54064668e-02 8.13134223e-02 -2.38244250e-01 1.54372216e-02 1.08463545e-04 -1.36379943e-03 -3.07548355e-05
493              1.15052790e-01 -2.26617170e-01 1.63637479e-02 1.14948439e-01 -2.25252458e-01 1.63493585e-02 1.04350114e-04 -1.36471290e-03 1.43893951e-05
494              1.46773876e-01 -2.15625424e-01 1.71701244e-02 1.46688409e-01 -2.14255880e-01 1.71152605e-02 8.54661939e-05 -1.36954433e-03 5.48638993e-05
495              1.74941143e-01 -2.07046338e-01 1.79182922e-02 1.74882626e-01 -2.05668364e-01 1.78087214e-02 5.85165532e-05 -1.37797426e-03 1.09570861e-04
496              1.98960935e-01 -2.01402316e-01 1.85907867e-02 1.98931182e-01 -2.00014298e-01 1.84273573e-02 2.97530731e-05 -1.38801729e-03 1.63429421e-04
497              2.18928952e-01 -1.98901179e-01 1.91442879e-02 2.18924319e-01 -1.97501444e-01 1.89173912e-02 4.63291428e-06 -1.39973473e-03 2.26896733e-04
498              2.35778883e-01 -1.99842511e-01 1.94653091e-02 2.35790505e-01 -1.98430211e-01 1.91728002e-02 -1.16222380e-05 -1.41230017e-03 2.92508921e-04
499              2.50689253e-01 -2.04226973e-01 1.94587910e-02 2.50707099e-01 -2.02800741e-01 1.90967509e-02 -1.78461678e-05 -1.42623174e-03 3.62040123e-04
500              2.64938924e-01 -2.11919997e-01 1.90395304e-02 2.64950325e-01 -2.10479777e-01 1.86186576e-02 -1.14013290e-05 -1.44022078e-03 4.20872823e-04
501              2.79435481e-01 -2.22233295e-01 1.81815002e-02 2.79433296e-01 -2.20780129e-01 1.77156851e-02 2.18511557e-06 -1.45316588e-03 4.65815092e-04
502              2.94448131e-01 -2.34339025e-01 1.69240463e-02 2.94428680e-01 -2.32875874e-01 1.64304893e-02 1.94510179e-05 -1.46315037e-03 4.93556968e-04
503              3.09528412e-01 -2.47249789e-01 1.53393393e-02 3.09494401e-01 -2.45779608e-01 1.48447046e-02 3.40106521e-05 -1.47018037e-03 4.94634787e-04
504              3.23448739e-01 -2.60277586e-01 1.35311544e-02 3.23404456e-01 -2.58803760e-01 1.30630946e-02 4.42826446e-05 -1.47382659e-03 4.68059819e-04
505              3.34427334e-01 -2.72869266e-01 1.16051631e-02 3.34381484e-01 -2.71393154e-01 1.11944464e-02 4.58500688e-05 -1.47611237e-03 4.10716758e-04
506              3.40398513e-01 -2.84844227e-01 9.68771184e-03 3.40359409e-01 -2.83365919e-01 9.35638724e-03 3.91036405e-05 -1.47830840e-03 3.31324603e-04
507              3.39428482e-01 -2.96113711e-01 7.89330570e-03 3.39407283e-01 -2.94632428e-01 7.65833314e-03 2.11988302e-05 -1.48128306e-03 2.34972566e-04
508              3.29894745e-01 -3.06691189e-01 6.33430730e-03 3.29900935e-01 -3.05206170e-01 6.19974715e-03 -6.18946089e-06 -1.48501937e-03 1.34560149e-04
509              3.10942314e-01 -3.16413725e-01 5.06628854e-03 3.10982705e-01 -3.14925572e-01 5.03634078e-03 -4.03905911e-05 -1.48815262e-03 2.99477641e-05
510              2.82638206e-01 -3.24952177e-01 4.10279998e-03 2.82715554e-01 -3.23464526e-01 4.17726858e-03 -7.73480579e-05 -1.48765100e-03 -7.44686022e-05
511              2.46091654e-01 -3.31830481e-01 3.39872453e-03 2.46205666e-01 -3.30348501e-01 3.57568553e-03 -1.14011840e-04 -1.48198036e-03 -1.76961006e-04
512              2.00918484e-01 -3.36299752e-01 3.16615830e-03 2.01067299e-01 -3.34828633e-01 3.41657101e-03 -1.48815084e-04 -1.47111814e-03 -2.50412713e-04
513              1.51885838e-01 -3.38210001e-01 2.97366264e-03 1.52068144e-01 -3.36753665e-01 3.28373504e-03 -1.82306404e-04 -1.45633561e-03 -3.10072402e-04
514              1.03463097e-01 -3.37646181e-01 2.67028942e-03 1.03672179e-01 -3.36205655e-01 3.02723263e-03 -2.09082024e-04 -1.44052656e-03 -3.56943212e-04
515              5.94717154e-02 -3.34769990e-01 2.37402287e-03 5.96968147e-02 -3.33342380e-01 2.76628627e-03 -2.25099268e-04 -1.42761002e-03 -3.92263395e-04
516              2.32128212e-02 -3.29849999e-01 2.29228094e-03 2.34394522e-02 -3.28432545e-01 2.70036276e-03 -2.26630984e-04 -1.41745468e-03 -4.08081818e-04
517              -3.79976234e-03 -3.23753098e-01 2.67230522e-03 -3.58787407e-03 -3.22341801e-01 3.07411137e-03 -2.11888265e-04 -1.41129762e-03 -4.01806145e-04
518              -1.99563431e-02 -3.15681797e-01 3.54363911e-03 -1.97769391e-02 -3.14275608e-01 3.90536436e-03 -1.79403990e-04 -1.40618901e-03 -3.61725245e-04
519              -2.49888079e-02 -3.05514405e-01 4.90714444e-03 -2.48561388e-02 -3.04112036e-01 5.20981080e-03 -1.32669067e-04 -1.40236935e-03 -3.02666362e-04
520              -1.96463532e-02 -2.93663518e-01 6.60699195e-03 -1.95701035e-02 -2.92265882e-01 6.83627690e-03 -7.62496682e-05 -1.39763553e-03 -2.29284949e-04
521              -5.08424913e-03 -2.80696957e-01 8.40751621e-03 -5.06791969e-03 -2.79305561e-01 8.57535529e-03 -1.63294330e-05 -1.39139610e-03 -1.67839078e-04
522              1.67653574e-02 -2.67097518e-01 1.01651002e-02 1.67278231e-02 -2.65714477e-01 1.02799372e-02 3.75342913e-05 -1.38304025e-03 -1.14837078e-04
523              4.35654821e-02 -2.53450507e-01 1.17705090e-02 4.34891309e-02 -2.52075576e-01 1.18500287e-02 7.63512791e-05 -1.37493077e-03 -7.95197124e-05
524              7.28157455e-02 -2.40343752e-01 1.31660172e-02 7.27181636e-02 -2.38975344e-01 1.32143013e-02 9.75818213e-05 -1.36840792e-03 -4.82841160e-05
525              1.02510560e-01 -2.28234594e-01 1.42936097e-02 1.02411735e-01 -2.26868246e-01 1.43202809e-02 9.88253537e-05 -1.36634813e-03 -2.66712543e-05
526              1.30701448e-01 -2.17639183e-01 1.52161393e-02 1.30615917e-01 -2.16270835e-01 1.52127201e-02 8.55302687e-05 -1.36834783e-03 3.41916795e-06
527              1.56041095e-01 -2.09130259e-01 1.59912080e-02 1.55980695e-01 -2.07754786e-01 1.59555497e-02 6.04004373e-05 -1.37547300e-03 3.56582350e-05
528              1.77870341e-01 -2.03219273e-01 1.66634721e-02 1.77839151e-01 -2.01833936e-01 1.65816885e-02 3.11898545e-05 -1.38533759e-03 8.17836673e-05
529              1.96309276e-01 -2.00333231e-01 1.72090550e-02 1.96307466e-01 -1.98935354e-01 1.70673557e-02 1.80987779e-06 -1.39787793e-03 1.41699286e-04
530              2.12083987e-01 -2.00768897e-01 1.75600263e-02 2.12103950e-01 -1.99357931e-01 1.73359590e-02 -1.99626391e-05 -1.41096622e-03 2.24067325e-04
531              2.26453345e-01 -2.04692030e-01 1.76089155e-02 2.26484277e-01 -2.03266832e-01 1.72928620e-02 -3.09319506e-05 -1.42519747e-03 3.16053536e-04
532              2.40473674e-01 -2.12061906e-01 1.72998222e-02 2.40501823e-01 -2.10623200e-01 1.68902170e-02 -2.81490865e-05 -1.43870544e-03 4.09605186e-04
533              2.54953614e-01 -2.22380716e-01 1.66005332e-02 2.54970133e-01 -2.20928866e-01 1.61126529e-02 -1.65187985e-05 -1.45185026e-03 4.87880380e-04
534              2.70111203e-01 -2.34810466e-01 1.55525640e-02 2.70109463e-01 -2.33348662e-01 1.50086333e-02 1.74039087e-06 -1.46180389e-03 5.43930738e-04
535              2.85532603e-01 -2.48335455e-01 1.42258479e-02 2.85512566e-01 -2.46866547e-01 1.36638801e-02 2.00371707e-05 -1.46890867e-03 5.61967763e-04
536              3.00144234e-01 -2.62062992e-01 1.27188375e-02 3.00109246e-01 -2.60590651e-01 1.21750818e-02 3.49879367e-05 -1.47234040e-03 5.43755696e-04
537              3.12194287e-01 -2.75277254e-01 1.11330504e-02 3.12153338e-01 -2.73803018e-01 1.06404752e-02 4.09491895e-05 -1.47423653e-03 4.92575118e-04
538              3.19814019e-01 -2.87593502e-01 9.55760602e-03 3.19775739e-01 -2.86118569e-01 9.14046542e-03 3.82802696e-05 -1.47493290e-03 4.17140603e-04
539              3.21083205e-01 -2.98848112e-01 8.08738016e-03 3.21057097e-01 -2.97372482e-01 7.76692529e-03 2.61071744e-05 -1.47563032e-03 3.20454869e-04
540              3.14260972e-01 -3.09096744e-01 6.82466568e-03 3.14255473e-01 -3.07620004e-01 6.60900637e-03 5.49945912e-06 -1.47674038e-03 2.15659310e-04
541              2.98141153e-01 -3.18317208e-01 5.84095288e-03 2.98163652e-01 -3.16839549e-01 5.73272332e-03 -2.24987819e-05 -1.47765838e-03 1.08229559e-04
542              2.72586417e-01 -3.26303781e-01 5.15322288e-03 2.72640919e-01 -3.24827804e-01 5.15000182e-03 -5.45021292e-05 -1.47597746e-03 3.22105944e-06
543              2.38607493e-01 -3.32625242e-01 4.70526469e-03 2.38696943e-01 -3.31155563e-01 4.79930825e-03 -8.94501733e-05 -1.46967917e-03 -9.40435634e-05
544              1.96484322e-01 -3.36416433e-01 4.63084933e-03 1.96608195e-01 -3.34957200e-01 4.79266710e-03 -1.23873090e-04 -1.45923362e-03 -1.61817779e-04
545              1.51058875e-01 -3.37463877e-01 4.48985664e-03 1.51216856e-01 -3.36019105e-01 4.69941174e-03 -1.57981109e-04 -1.44477249e-03 -2.09555102e-04
546              1.07324987e-01 -3.35704475e-01 4.10229602e-03 1.07509087e-01 -3.34273998e-01 4.35043943e-03 -1.84100838e-04 -1.43047652e-03 -2.48143414e-04
547              6.93340727e-02 -3.31185967e-01 3.59455889e-03 6.95331389e-02 -3.29767990e-01 3.86801148e-03 -1.99066223e-04 -1.41797694e-03 -2.73452590e-04
548              4.03488092e-02 -3.24187424e-01 3.21737414e-03 4.05468442e-02 -3.22778987e-01 3.49554107e-03 -1.98034976e-04 -1.40843756e-03 -2.78166931e-04
549              2.14724059e-02 -3.15517451e-01 3.30731274e-03 2.16514703e-02 -3.14117224e-01 3.56715393e-03 -1.79064386e-04 -1.40022696e-03 -2.59841185e-04
550              1.36008948e-02 -3.04556363e-01 3.88054229e-03 1.37426158e-02 -3.03162564e-01 4.09178764e-03 -1.41721033e-04 -1.39379914e-03 -2.11245345e-04
551              1.60273516e-02 -2.91520649e-01 4.91065153e-03 1.61196801e-02 -2.90133473e-01 5.06155862e-03 -9.23284068e-05 -1.38717625e-03 -1.50907092e-04
552              2.69163423e-02 -2.77252074e-01 6.22297496e-03 2.69526453e-02 -2.75870228e-01 6.30972119e-03 -3.63030210e-05 -1.38184613e-03 -8.67462244e-05
553              4.43164964e-02 -2.62607249e-01 7.57860916e-03 4.43000347e-02 -2.61230639e-01 7.61519530e-03 1.64616650e-05 -1.37661053e-03 -3.65861372e-05
554              6.58323807e-02 -2.48320831e-01 8.83890285e-03 6.57744343e-02 -2.46948333e-01 8.84155295e-03 5.79463998e-05 -1.37249764e-03 -2.65010057e-06
555              8.92728988e-02 -2.34946698e-01 9.91214322e-03 8.91916508e-02 -2.33577477e-01 9.90297408e-03 8.12479403e-05 -1.36922027e-03 9.16913371e-06
556              1.12611566e-01 -2.22945671e-01 1.07907970e-02 1.12524311e-01 -2.21576687e-01 1.07851327e-02 8.72553335e-05 -1.36898393e-03 5.66425752e-06
557              1.34112152e-01 -2.12727890e-01 1.15344604e-02 1.34036291e-01 -2.11356279e-01 1.15417557e-02 7.58616914e-05 -1.37161060e-03 -7.29527141e-06
558              1.52325733e-01 -2.04698861e-01 1.22217636e-02 1.52272356e-01 -2.03320498e-01 1.22414659e-02 5.33763962e-05 -1.37836365e-03 -1.97023257e-05
559              1.66586276e-01 -1.99187261e-01 1.28845489e-02 1.66563005e-01 -1.97800690e-01 1.29048691e-02 2.32701060e-05 -1.38657097e-03 -2.03202383e-05
560              1.77040647e-01 -1.96461912e-01 1.34993147e-02 1.77049126e-01 -1.95064467e-01 1.34988017e-02 -8.47845135e-06 -1.39744500e-03 5.13005349e-07
561              1.85177712e-01 -1.97535666e-01 1.40160071e-02 1.85214600e-01 -1.96126785e-01 1.39745709e-02 -3.68878788e-05 -1.40888160e-03 4.14362231e-05
562              1.91320671e-01 -2.01840391e-01 1.43578910e-02 1.91377985e-01 -2.00418069e-01 1.42497103e-02 -5.73140659e-05 -1.42232262e-03 1.08180696e-04
563              1.96921238e-01 -2.09637910e-01 1.44253569e-02 1.96987592e-01 -2.08201939e-01 1.42411318e-02 -6.63532341e-05 -1.43597084e-03 1.84225037e-04
564              2.03449715e-01 -2.20858543e-01 1.41529959e-02 2.03511010e-01 -2.19408395e-01 1.38973809e-02 -6.12943436e-05 -1.45014811e-03 2.55614992e-04
565              2.11885469e-01 -2.34887758e-01 1.35498306e-02 2.11930769e-01 -2.33425574e-01 1.32397298e-02 -4.53003358e-05 -1.46218371e-03 3.10100837e-04
566              2.21915576e-01 -2.49809707e-01 1.28390242e-02 2.21939651e-01 -2.48337643e-01 1.24893601e-02 -2.40746110e-05 -1.47206370e-03 3.49664113e-04
567              2.33353619e-01 -2.65694671e-01 1.19899675e-02 2.33358481e-01 -2.64215852e-01 1.16264495e-02 -4.86191489e-06 -1.47881914e-03 3.63517976e-04
568              2.44970292e-01 -2.81841197e-01 1.10822566e-02 2.44960076e-01 -2.80358071e-01 1.07311166e-02 1.02154100e-05 -1.48312589e-03 3.51140023e-04
569              2.54842954e-01 -2.97529497e-01 1.02032145e-02 2.54823937e-01 -2.96045612e-01 9.88562116e-03 1.90166819e-05 -1.48388523e-03 3.17593325e-04
570              2.61166169e-01 -3.12249341e-01 9.41898284e-03 2.61145565e-01 -3.10766046e-01 9.14800626e-03 2.06040285e-05 -1.48329535e-03 2.70976576e-04
571              2.62372811e-01 -3.25558599e-01 8.78877049e-03 2.62358777e-01 -3.24076633e-01 8.57296741e-03 1.40331016e-05 -1.48196619e-03 2.15803077e-04
572              2.57617824e-01 -3.36993810e-01 8.34780422e-03 2.57616361e-01 -3.35512840e-01 8.18394354e-03 1.46208107e-06 -1.48096968e-03 1.63860681e-04
573              2.46900997e-01 -3.45953229e-01 8.09746064e-03 2.46915771e-01 -3.44475609e-01 7.98033129e-03 -1.47734503e-05 -1.47762006e-03 1.17129359e-04
574              2.30823181e-01 -3.51646771e-01 8.00198622e-03 2.30855823e-01 -3.50176886e-01 7.92460113e-03 -3.26419229e-05 -1.46988451e-03 7.73850891e-05
575              2.09848168e-01 -3.52491416e-01 8.10986046e-03 2.09899328e-01 -3.51035745e-01 8.06052270e-03 -5.11602865e-05 -1.45567108e-03 4.93377609e-05
576              1.86234424e-01 -3.48748496e-01 8.17763712e-03 1.86306145e-01 -3.47310923e-01 8.15079600e-03 -7.17211608e-05 -1.43757261e-03 2.68411157e-05
577              1.62749942e-01 -3.40665751e-01 8.06114828e-03 1.62843277e-01 -3.39248958e-01 8.05118766e-03 -9.33349678e-05 -1.41679221e-03 9.96061398e-06
578              1.41912435e-01 -3.28790474e-01 7.75464947e-03 1.42022154e-01 -3.27392137e-01 7.75456444e-03 -1.09718788e-04 -1.39833691e-03 8.50241990e-08
579              1.25922174e-01 -3.14066934e-01 7.30784669e-03 1.26038168e-01 -3.12685149e-01 7.31364373e-03 -1.15993792e-04 -1.38178434e-03 -5.79703722e-06
580              1.16271678e-01 -2.97480574e-01 6.84085129e-03 1.16379560e-01 -2.96111741e-01 6.84498178e-03 -1.07881605e-04 -1.36883306e-03 -4.13049106e-06
581              1.12758850e-01 -2.80629083e-01 6.59686843e-03 1.12846683e-01 -2.79270590e-01 6.59198179e-03 -8.78331737e-05 -1.35849259e-03 4.88663448e-06
582              1.14604208e-01 -2.63712863e-01 6.57181221e-03 1.14663029e-01 -2.62358055e-01 6.54656926e-03 -5.88210093e-05 -1.35480866e-03 2.52429442e-05
583              1.20538559e-01 -2.47284137e-01 6.72243151e-03 1.20566104e-01 -2.45928719e-01 6.67740878e-03 -2.75454863e-05 -1.35541848e-03 4.50227273e-05
584              1.29194959e-01 -2.32179579e-01 6.94897232e-03 1.29193748e-01 -2.30817189e-01 6.89167770e-03 1.21050553e-06 -1.36238977e-03 5.72946239e-05
585              1.39065997e-01 -2.19175830e-01 7.18800404e-03 1.39044823e-01 -2.17805028e-01 7.13747174e-03 2.11735605e-05 -1.37080246e-03 5.05323006e-05
586              1.48560457e-01 -2.08655575e-01 7.42809522e-03 1.48531409e-01 -2.07274744e-01 7.40346253e-03 2.90473655e-05 -1.38083090e-03 2.46326853e-05
587              1.56382004e-01 -2.00841047e-01 7.67931323e-03 1.56356842e-01 -1.99451611e-01 7.69861208e-03 2.51624785e-05 -1.38943555e-03 -1.92988487e-05
588              1.61624439e-01 -1.95717226e-01 7.96587506e-03 1.61613779e-01 -1.94319592e-01 8.03367601e-03 1.06602868e-05 -1.39763433e-03 -6.78009575e-05
589              1.63533167e-01 -1.93353948e-01 8.32295154e-03 1.63544315e-01 -1.91949604e-01 8.43073503e-03 -1.11480325e-05 -1.40434470e-03 -1.07783488e-04
590              1.61608755e-01 -1.94318189e-01 8.85962534e-03 1.61645861e-01 -1.92905241e-01 8.98449713e-03 -3.71058375e-05 -1.41294785e-03 -1.24871791e-04
591              1.56474437e-01 -1.97903917e-01 9.45561285e-03 1.56538176e-01 -1.96482415e-01 9.56873495e-03 -6.37395247e-05 -1.42150232e-03 -1.13122100e-04
592              1.49334468e-01 -2.04050635e-01 1.00533918e-02 1.49421213e-01 -2.02620496e-01 1.01396925e-02 -8.67448796e-05 -1.43013918e-03 -8.63006387e-05
593              1.41592512e-01 -2.12810891e-01 1.06091559e-02 1.41693400e-01 -2.11372911e-01 1.06590064e-02 -1.00888068e-04 -1.43797973e-03 -4.98504615e-05
594              1.35138184e-01 -2.24065520e-01 1.10507030e-02 1.35240865e-01 -2.22618250e-01 1.10587920e-02 -1.02680274e-04 -1.44727031e-03 -8.08899235e-06
595              1.31076814e-01 -2.36610230e-01 1.13618984e-02 1.31170624e-01 -2.35153214e-01 1.13265284e-02 -9.38098912e-05 -1.45701547e-03 3.53700088e-05
596              1.31423470e-01 -2.51312551e-01 1.14698079e-02 1.31499061e-01 -2.49845909e-01 1.13902397e-02 -7.55914963e-05 -1.46664172e-03 7.95681609e-05
597              1.36452503e-01 -2.67860606e-01 1.14440315e-02 1.36504513e-01 -2.66386838e-01 1.13236342e-02 -5.20099115e-05 -1.47376777e-03 1.20397276e-04
598              1.45516281e-01 -2.85567705e-01 1.13558096e-02 1.45542631e-01 -2.84088981e-01 1.11943451e-02 -2.63495726e-05 -1.47872355e-03 1.61464523e-04
599              1.57629909e-01 -3.03634978e-01 1.12494850e-02 1.57634163e-01 -3.02152917e-01 1.10532105e-02 -4.25401945e-06 -1.48206099e-03 1.96274521e-04
600              1.71582452e-01 -3.21036217e-01 1.11778789e-02 1.71569688e-01 -3.19550560e-01 1.09567039e-02 1.27645652e-05 -1.48565755e-03 2.21175010e-04
