# Force         
# CofR          : (0.00000000e+00 0.00000000e+00 0.00000000e+00)
#
# Time          	total_x total_y total_z	pressure_x pressure_y pressure_z	viscous_x viscous_y viscous_z
1                2.31504636e+00 -7.69516060e-05 7.95697660e+00 2.18337784e+00 -7.69887383e-05 7.94794716e+00 1.31668524e-01 3.71322704e-08 9.02944452e-03
2                3.61705891e+00 3.99103847e-05 1.02112676e+01 3.48530190e+00 4.29363174e-05 1.02032858e+01 1.31757012e-01 -3.02593272e-06 7.98177103e-03
3                4.28522756e+00 1.01119227e-04 1.22114162e+01 4.15348698e+00 1.03265047e-04 1.22036617e+01 1.31740572e-01 -2.14581960e-06 7.75451985e-03
4                4.39474136e+00 1.69875415e-04 1.35355750e+01 4.26339652e+00 1.67356825e-04 1.35281634e+01 1.31344846e-01 2.51858979e-06 7.41161973e-03
5                4.20608268e+00 2.21159833e-04 1.43340421e+01 4.07745140e+00 2.14193259e-04 1.43271881e+01 1.28631278e-01 6.96657464e-06 6.85394231e-03
6                3.88676699e+00 3.15988393e-04 1.46974974e+01 3.76363019e+00 3.04862188e-04 1.46911519e+01 1.23136797e-01 1.11262052e-05 6.34550216e-03
7                3.55163814e+00 4.56100049e-04 1.46576839e+01 3.43627165e+00 4.41405836e-04 1.46517848e+01 1.15366487e-01 1.46942131e-05 5.89910530e-03
8                3.28738322e+00 6.30502423e-04 1.42852344e+01 3.18096293e+00 6.10967819e-04 1.42797828e+01 1.06420285e-01 1.95346042e-05 5.45161685e-03
9                3.14984773e+00 8.41934122e-04 1.37864475e+01 3.05146967e+00 7.84091381e-04 1.37813905e+01 9.83780633e-02 5.78427415e-05 5.05700915e-03
10               3.13214775e+00 1.05866229e-03 1.33349640e+01 3.03690115e+00 9.82419305e-04 1.33303871e+01 9.52466003e-02 7.62429842e-05 4.57697080e-03
11               3.17858502e+00 1.28098065e-03 1.25323632e+01 3.09285289e+00 1.16642948e-03 1.25291328e+01 8.57321292e-02 1.14551166e-04 3.23030314e-03
12               3.32568288e+00 1.44876874e-03 1.18775559e+01 3.24143424e+00 1.32376399e-03 1.18710459e+01 8.42486379e-02 1.25004750e-04 6.50998548e-03
13               3.48797108e+00 1.51385341e-03 1.11124894e+01 3.40892847e+00 1.38778512e-03 1.11039218e+01 7.90426067e-02 1.26068294e-04 8.56758813e-03
14               3.65700473e+00 1.59380765e-03 1.02179418e+01 3.58107368e+00 1.45365651e-03 1.02091653e+01 7.59310467e-02 1.40151140e-04 8.77645662e-03
15               3.81128795e+00 1.65674698e-03 9.13068555e+00 3.73846488e+00 1.49501357e-03 9.12228231e+00 7.28230702e-02 1.61733412e-04 8.40324027e-03
16               3.94642794e+00 1.67069266e-03 7.88956883e+00 3.87632209e+00 1.53011354e-03 7.88213608e+00 7.01058544e-02 1.40579115e-04 7.43274495e-03
17               4.06275694e+00 1.71295729e-03 6.50909619e+00 3.99505463e+00 1.57193517e-03 6.50253578e+00 6.77023063e-02 1.41022119e-04 6.56041483e-03
18               4.16150315e+00 1.73125074e-03 5.10862534e+00 4.09513891e+00 1.59814055e-03 5.10261142e+00 6.63642341e-02 1.33110194e-04 6.01392013e-03
19               4.23284029e+00 1.74550955e-03 3.70540134e+00 4.16769520e+00 1.60944849e-03 3.70013546e+00 6.51450998e-02 1.36061064e-04 5.26588517e-03
20               4.27343967e+00 1.74334118e-03 2.34476176e+00 4.20943900e+00 1.60409103e-03 2.34042905e+00 6.40006628e-02 1.39250147e-04 4.33271396e-03
21               4.28415054e+00 1.70431453e-03 1.08076093e+00 4.22171827e+00 1.56564701e-03 1.07741580e+00 6.24322627e-02 1.38667520e-04 3.34513261e-03
22               4.27557250e+00 1.69481784e-03 -1.45770190e-01 4.21505571e+00 1.54271050e-03 -1.48005660e-01 6.05167919e-02 1.52107339e-04 2.23546951e-03
23               4.25622311e+00 1.69545440e-03 -1.24966445e+00 4.19778117e+00 1.52041670e-03 -1.25102071e+00 5.84419388e-02 1.75037695e-04 1.35625711e-03
24               4.23386440e+00 1.69420635e-03 -2.18521785e+00 4.17744709e+00 1.49045487e-03 -2.18606793e+00 5.64173077e-02 2.03751479e-04 8.50076999e-04
25               4.21418685e+00 1.69638320e-03 -2.91551048e+00 4.15967065e+00 1.45463890e-03 -2.91616923e+00 5.45162013e-02 2.41744300e-04 6.58751354e-04
26               4.19986187e+00 1.68658386e-03 -3.42606052e+00 4.14727586e+00 1.41446827e-03 -3.42667716e+00 5.25860119e-02 2.72115584e-04 6.16644700e-04
27               4.19184944e+00 1.63457364e-03 -3.72093050e+00 4.14111250e+00 1.37182153e-03 -3.72152647e+00 5.07369389e-02 2.62752113e-04 5.95976455e-04
28               4.18915886e+00 1.58492534e-03 -3.83112051e+00 4.14041515e+00 1.32604699e-03 -3.83169998e+00 4.87437121e-02 2.58878355e-04 5.79460808e-04
29               4.19118224e+00 1.52435806e-03 -3.79064319e+00 4.14453501e+00 1.27890303e-03 -3.79131656e+00 4.66472228e-02 2.45455039e-04 6.73371862e-04
30               4.19756176e+00 1.49783447e-03 -3.63951077e+00 4.15312861e+00 1.23524539e-03 -3.64033667e+00 4.44331486e-02 2.62589082e-04 8.25900813e-04
31               4.20962559e+00 1.48667136e-03 -3.41187744e+00 4.16730540e+00 1.20131441e-03 -3.41292909e+00 4.23201865e-02 2.85356941e-04 1.05164948e-03
32               4.22509473e+00 1.47749710e-03 -3.16126764e+00 4.18496807e+00 1.16861905e-03 -3.16235334e+00 4.01266595e-02 3.08878055e-04 1.08569708e-03
33               4.24438409e+00 1.45178190e-03 -2.91257892e+00 4.20636179e+00 1.13594483e-03 -2.91361496e+00 3.80222998e-02 3.15837071e-04 1.03603539e-03
34               4.26621103e+00 1.40139920e-03 -2.68668628e+00 4.23007342e+00 1.09707458e-03 -2.68762638e+00 3.61376067e-02 3.04324621e-04 9.40103374e-04
35               4.28902689e+00 1.33073841e-03 -2.50104625e+00 4.25459725e+00 1.04351258e-03 -2.50190220e+00 3.44296362e-02 2.87225826e-04 8.55951013e-04
36               4.31087757e+00 1.24449330e-03 -2.37290391e+00 4.27805742e+00 9.77207565e-04 -2.37363396e+00 3.28201505e-02 2.67285733e-04 7.30051808e-04
37               4.33187882e+00 1.15384048e-03 -2.29668875e+00 4.30047490e+00 9.10921842e-04 -2.29729751e+00 3.14039249e-02 2.42918641e-04 6.08758883e-04
38               4.35060657e+00 1.08703391e-03 -2.28050047e+00 4.32038768e+00 8.67120280e-04 -2.28098575e+00 3.02188950e-02 2.19913635e-04 4.85288932e-04
39               4.36732099e+00 1.05941647e-03 -2.31513938e+00 4.33806067e+00 8.61518958e-04 -2.31547096e+00 2.92603257e-02 1.97897514e-04 3.31587485e-04
40               4.38135005e+00 1.07542268e-03 -2.40039621e+00 4.35273282e+00 8.91765854e-04 -2.40054120e+00 2.86172218e-02 1.83656822e-04 1.44997275e-04
41               4.39203131e+00 1.13620137e-03 -2.52360419e+00 4.36388476e+00 9.53986879e-04 -2.52357305e+00 2.81465454e-02 1.82214492e-04 -3.11453443e-05
42               4.39938589e+00 1.22414705e-03 -2.68578410e+00 4.37149314e+00 1.03278484e-03 -2.68560612e+00 2.78927504e-02 1.91362203e-04 -1.77974064e-04
43               4.40309806e+00 1.29713493e-03 -2.86272768e+00 4.37539271e+00 1.09898487e-03 -2.86242933e+00 2.77053511e-02 1.98150056e-04 -2.98349576e-04
44               4.40375564e+00 1.34883856e-03 -3.04632968e+00 4.37615510e+00 1.14587758e-03 -3.04591900e+00 2.76005427e-02 2.02960974e-04 -4.10675095e-04
45               4.40186252e+00 1.38327284e-03 -3.22195915e+00 4.37433254e+00 1.17479648e-03 -3.22146168e+00 2.75299718e-02 2.08476354e-04 -4.97474341e-04
46               4.39780917e+00 1.40774651e-03 -3.37074894e+00 4.37032040e+00 1.19282715e-03 -3.37020467e+00 2.74887652e-02 2.14919362e-04 -5.44268727e-04
47               4.39250454e+00 1.42636053e-03 -3.49689589e+00 4.36502734e+00 1.20222513e-03 -3.49635033e+00 2.74772022e-02 2.24135402e-04 -5.45566902e-04
48               4.38669685e+00 1.44342734e-03 -3.59168449e+00 4.35923837e+00 1.20777173e-03 -3.59117066e+00 2.74584801e-02 2.35655606e-04 -5.13825650e-04
49               4.38118404e+00 1.46062152e-03 -3.65366416e+00 4.35373093e+00 1.21326157e-03 -3.65319940e+00 2.74531019e-02 2.47359953e-04 -4.64760090e-04
50               4.37674119e+00 1.47323404e-03 -3.68344846e+00 4.34928525e+00 1.21544672e-03 -3.68304586e+00 2.74559372e-02 2.57787325e-04 -4.02602039e-04
51               4.37333722e+00 1.48444690e-03 -3.69221910e+00 4.34589312e+00 1.21779800e-03 -3.69187896e+00 2.74441022e-02 2.66648897e-04 -3.40138413e-04
52               4.37121426e+00 1.49274715e-03 -3.68188139e+00 4.34380274e+00 1.21949032e-03 -3.68160360e+00 2.74115155e-02 2.73256836e-04 -2.77791731e-04
53               4.37039523e+00 1.49992629e-03 -3.65697788e+00 4.34304693e+00 1.21880206e-03 -3.65675305e+00 2.73482954e-02 2.81124225e-04 -2.24831287e-04
54               4.37082104e+00 1.50115385e-03 -3.62173084e+00 4.34356795e+00 1.21366786e-03 -3.62154586e+00 2.72530962e-02 2.87485988e-04 -1.84976791e-04
55               4.37237535e+00 1.49984167e-03 -3.57993305e+00 4.34523983e+00 1.20263751e-03 -3.57977376e+00 2.71355215e-02 2.97204165e-04 -1.59290305e-04
56               4.37490398e+00 1.48845043e-03 -3.53461762e+00 4.34789397e+00 1.18558560e-03 -3.53447305e+00 2.70100092e-02 3.02864829e-04 -1.44567178e-04
57               4.37815228e+00 1.47419191e-03 -3.48884579e+00 4.35127782e+00 1.16390534e-03 -3.48870525e+00 2.68744599e-02 3.10286577e-04 -1.40537699e-04
58               4.38194511e+00 1.45161855e-03 -3.44227328e+00 4.35520080e+00 1.13751174e-03 -3.44212708e+00 2.67443076e-02 3.14106805e-04 -1.46194462e-04
59               4.38575775e+00 1.42948459e-03 -3.40296728e+00 4.35912523e+00 1.11158702e-03 -3.40280031e+00 2.66325220e-02 3.17897566e-04 -1.66966608e-04
60               4.38938692e+00 1.40561514e-03 -3.37114410e+00 4.36284795e+00 1.08653282e-03 -3.37095221e+00 2.65389720e-02 3.19082323e-04 -1.91892497e-04
61               4.39246566e+00 1.38675236e-03 -3.35088003e+00 4.36599175e+00 1.06577481e-03 -3.35066110e+00 2.64739076e-02 3.20977550e-04 -2.18935084e-04
62               4.39498177e+00 1.36744676e-03 -3.34013099e+00 4.36854558e+00 1.04642056e-03 -3.33988547e+00 2.64361931e-02 3.21026199e-04 -2.45516470e-04
63               4.39674778e+00 1.35118778e-03 -3.33990272e+00 4.37033411e+00 1.03005308e-03 -3.33962119e+00 2.64136734e-02 3.21134700e-04 -2.81536358e-04
64               4.39769902e+00 1.33723322e-03 -3.34900961e+00 4.37128048e+00 1.01670978e-03 -3.34869011e+00 2.64185394e-02 3.20523442e-04 -3.19505755e-04
65               4.39780474e+00 1.32765630e-03 -3.36547717e+00 4.37136636e+00 1.00667646e-03 -3.36511742e+00 2.64383757e-02 3.20979844e-04 -3.59751962e-04
66               4.39713225e+00 1.32132175e-03 -3.38666171e+00 4.37066314e+00 1.00031553e-03 -3.38627088e+00 2.64691078e-02 3.21006229e-04 -3.90827202e-04
67               4.39586028e+00 1.31889051e-03 -3.40990686e+00 4.36934284e+00 9.97680085e-04 -3.40949644e+00 2.65174454e-02 3.21210421e-04 -4.10414335e-04
68               4.39420223e+00 1.31991015e-03 -3.43254294e+00 4.36762507e+00 9.98494709e-04 -3.43212430e+00 2.65771619e-02 3.21415445e-04 -4.18638631e-04
69               4.39235339e+00 1.32510539e-03 -3.45235146e+00 4.36573112e+00 1.00222381e-03 -3.45193162e+00 2.66222697e-02 3.22881577e-04 -4.19846959e-04
70               4.39054384e+00 1.33137981e-03 -3.46756071e+00 4.36386027e+00 1.00805532e-03 -3.46714570e+00 2.66835701e-02 3.23324489e-04 -4.15012026e-04
71               4.38888917e+00 1.33941755e-03 -3.47706220e+00 4.36217122e+00 1.01524941e-03 -3.47665230e+00 2.67179516e-02 3.24168135e-04 -4.09901753e-04
72               4.38752004e+00 1.34722723e-03 -3.48073499e+00 4.36075582e+00 1.02309541e-03 -3.48033048e+00 2.67642229e-02 3.24131818e-04 -4.04516132e-04
73               4.38643822e+00 1.35575815e-03 -3.47973005e+00 4.35967535e+00 1.03094748e-03 -3.47932397e+00 2.67628648e-02 3.24810676e-04 -4.06076173e-04
74               4.38572782e+00 1.36297455e-03 -3.47431869e+00 4.35895106e+00 1.03848571e-03 -3.47391731e+00 2.67767612e-02 3.24488833e-04 -4.01378008e-04
75               4.38530951e+00 1.37130257e-03 -3.46645505e+00 4.35854760e+00 1.04552261e-03 -3.46606063e+00 2.67619105e-02 3.25779963e-04 -3.94423552e-04
76               4.38526363e+00 1.37709266e-03 -3.45734338e+00 4.35851750e+00 1.05194433e-03 -3.45695763e+00 2.67461272e-02 3.25148329e-04 -3.85753979e-04
77               4.38553047e+00 1.38448119e-03 -3.44844989e+00 4.35881742e+00 1.05767348e-03 -3.44807160e+00 2.67130444e-02 3.26807712e-04 -3.78289608e-04
78               4.38607661e+00 1.38988536e-03 -3.44065771e+00 4.35939649e+00 1.06253320e-03 -3.44028512e+00 2.66801130e-02 3.27352156e-04 -3.72588206e-04
79               4.38683324e+00 1.39521524e-03 -3.43467804e+00 4.36019006e+00 1.06657029e-03 -3.43431054e+00 2.66431808e-02 3.28644947e-04 -3.67500109e-04
80               4.38775226e+00 1.39727151e-03 -3.43101580e+00 4.36113002e+00 1.06895903e-03 -3.43065328e+00 2.66222442e-02 3.28312484e-04 -3.62515771e-04
81               4.38872930e+00 1.39887131e-03 -3.42962692e+00 4.36215040e+00 1.06935102e-03 -3.42926692e+00 2.65789016e-02 3.29520289e-04 -3.59997449e-04
82               4.38974517e+00 1.39634903e-03 -3.43021445e+00 4.36318908e+00 1.06784909e-03 -3.42985767e+00 2.65560968e-02 3.28499941e-04 -3.56778424e-04
83               4.39071294e+00 1.39468839e-03 -3.43258721e+00 4.36418658e+00 1.06480795e-03 -3.43223614e+00 2.65263545e-02 3.29880441e-04 -3.51063588e-04
84               4.39162169e+00 1.38819898e-03 -3.43663643e+00 4.36509875e+00 1.06071920e-03 -3.43629010e+00 2.65229398e-02 3.27479784e-04 -3.46332661e-04
85               4.39242237e+00 1.38411235e-03 -3.44214917e+00 4.36590882e+00 1.05613303e-03 -3.44180336e+00 2.65135453e-02 3.27979322e-04 -3.45809589e-04
86               4.39311092e+00 1.37715450e-03 -3.44888074e+00 4.36658768e+00 1.05160402e-03 -3.44852966e+00 2.65232421e-02 3.25550487e-04 -3.51077811e-04
87               4.39363102e+00 1.37412359e-03 -3.45652632e+00 4.36711492e+00 1.04762021e-03 -3.45616597e+00 2.65161042e-02 3.26503381e-04 -3.60349163e-04
88               4.39398625e+00 1.36914227e-03 -3.46480253e+00 4.36746357e+00 1.04430902e-03 -3.46443184e+00 2.65226791e-02 3.24833249e-04 -3.70691719e-04
89               4.39415181e+00 1.36804935e-03 -3.47354977e+00 4.36763287e+00 1.04178470e-03 -3.47316964e+00 2.65189453e-02 3.26264644e-04 -3.80132538e-04
90               4.39417748e+00 1.36450545e-03 -3.48239487e+00 4.36764423e+00 1.03992147e-03 -3.48200774e+00 2.65332489e-02 3.24583985e-04 -3.87131572e-04
91               4.39406418e+00 1.36503158e-03 -3.49110916e+00 4.36752924e+00 1.03870430e-03 -3.49071769e+00 2.65349410e-02 3.26327277e-04 -3.91465749e-04
92               4.39391148e+00 1.36318676e-03 -3.49768090e+00 4.36736767e+00 1.03796346e-03 -3.49728654e+00 2.65438092e-02 3.25223298e-04 -3.94357359e-04
93               4.39371466e+00 1.36409293e-03 -3.50393733e+00 4.36716672e+00 1.03765433e-03 -3.50354361e+00 2.65479459e-02 3.26438593e-04 -3.93719823e-04
94               4.39350169e+00 1.36395210e-03 -3.50888982e+00 4.36694032e+00 1.03759413e-03 -3.50849789e+00 2.65613717e-02 3.26357970e-04 -3.91935457e-04
95               4.39327897e+00 1.36537531e-03 -3.51254645e+00 4.36671647e+00 1.03781748e-03 -3.51215855e+00 2.65625028e-02 3.27557830e-04 -3.87902359e-04
96               4.39309585e+00 1.36497281e-03 -3.51504534e+00 4.36652183e+00 1.03820144e-03 -3.51466287e+00 2.65740196e-02 3.26771368e-04 -3.82469686e-04
97               4.39295651e+00 1.36640552e-03 -3.51657393e+00 4.36638419e+00 1.03871195e-03 -3.51619667e+00 2.65723204e-02 3.27693575e-04 -3.77252986e-04
98               4.39288010e+00 1.36578289e-03 -3.51723033e+00 4.36631290e+00 1.03917889e-03 -3.51685425e+00 2.65672006e-02 3.26604003e-04 -3.76080429e-04
99               4.39286794e+00 1.36778342e-03 -3.51723914e+00 4.36630317e+00 1.03967507e-03 -3.51686634e+00 2.65647664e-02 3.28108358e-04 -3.72804563e-04
100              4.39290084e+00 1.36687682e-03 -3.51681532e+00 4.36633761e+00 1.03992138e-03 -3.51644393e+00 2.65632303e-02 3.26955435e-04 -3.71386028e-04
101              4.39298910e+00 1.36818320e-03 -3.51617367e+00 4.36642135e+00 1.04016267e-03 -3.51580639e+00 2.65677575e-02 3.28020537e-04 -3.67282341e-04
102              4.39310164e+00 1.36695644e-03 -3.51546143e+00 4.36653846e+00 1.04022877e-03 -3.51509244e+00 2.65631858e-02 3.26727666e-04 -3.68991431e-04
103              4.39323752e+00 1.36767219e-03 -3.51478123e+00 4.36667357e+00 1.04024561e-03 -3.51441297e+00 2.65639514e-02 3.27426581e-04 -3.68261919e-04
104              4.39336542e+00 1.36718519e-03 -3.51423434e+00 4.36680480e+00 1.04004403e-03 -3.51386319e+00 2.65606206e-02 3.27141161e-04 -3.71145182e-04
105              4.39348417e+00 1.36712241e-03 -3.51381262e+00 4.36692752e+00 1.03969782e-03 -3.51344133e+00 2.65566510e-02 3.27424586e-04 -3.71284893e-04
106              4.39358600e+00 1.36597283e-03 -3.51354021e+00 4.36703078e+00 1.03904095e-03 -3.51316836e+00 2.65552177e-02 3.26931875e-04 -3.71850207e-04
107              4.39367622e+00 1.36562514e-03 -3.51336780e+00 4.36712039e+00 1.03822698e-03 -3.51299701e+00 2.65558372e-02 3.27398168e-04 -3.70788774e-04
108              4.39373736e+00 1.36393262e-03 -3.51327310e+00 4.36718924e+00 1.03720111e-03 -3.51290166e+00 2.65481194e-02 3.26731507e-04 -3.71437389e-04
109              4.39379396e+00 1.36410875e-03 -3.51324829e+00 4.36724272e+00 1.03615480e-03 -3.51287941e+00 2.65512449e-02 3.27953954e-04 -3.68875897e-04
110              4.39382928e+00 1.36189215e-03 -3.51325395e+00 4.36727790e+00 1.03503604e-03 -3.51288562e+00 2.65513708e-02 3.26856109e-04 -3.68331808e-04
111              4.39385351e+00 1.36210082e-03 -3.51327785e+00 4.36730007e+00 1.03407145e-03 -3.51291157e+00 2.65534365e-02 3.28029376e-04 -3.66280792e-04
112              4.39385862e+00 1.35994568e-03 -3.51332306e+00 4.36730850e+00 1.03311450e-03 -3.51295537e+00 2.65501236e-02 3.26831178e-04 -3.67689256e-04
113              4.39386983e+00 1.35993842e-03 -3.51331655e+00 4.36731307e+00 1.03237121e-03 -3.51295201e+00 2.65567647e-02 3.27567211e-04 -3.64546316e-04
114              4.39386058e+00 1.35868196e-03 -3.51326956e+00 4.36730565e+00 1.03169481e-03 -3.51290341e+00 2.65549241e-02 3.26987151e-04 -3.66156054e-04
115              4.39384872e+00 1.35870343e-03 -3.51316992e+00 4.36728963e+00 1.03126305e-03 -3.51280517e+00 2.65590920e-02 3.27440379e-04 -3.64753736e-04
116              4.39382261e+00 1.35811135e-03 -3.51307738e+00 4.36725999e+00 1.03094082e-03 -3.51271217e+00 2.65626206e-02 3.27170530e-04 -3.65209344e-04
117              4.39379722e+00 1.35826534e-03 -3.51295518e+00 4.36722969e+00 1.03088774e-03 -3.51259072e+00 2.65675312e-02 3.27377595e-04 -3.64455965e-04
118              4.39376016e+00 1.35802039e-03 -3.51280084e+00 4.36719499e+00 1.03090190e-03 -3.51243496e+00 2.65651684e-02 3.27118492e-04 -3.65880729e-04
119              4.39373848e+00 1.35923450e-03 -3.51268666e+00 4.36717519e+00 1.03106246e-03 -3.51232009e+00 2.65632906e-02 3.28172042e-04 -3.66572760e-04
120              4.39371991e+00 1.35876002e-03 -3.51253035e+00 4.36715218e+00 1.03120957e-03 -3.51216381e+00 2.65677367e-02 3.27550451e-04 -3.66546572e-04
121              4.39370438e+00 1.35988876e-03 -3.51235277e+00 4.36713328e+00 1.03150256e-03 -3.51198699e+00 2.65710957e-02 3.28386199e-04 -3.65776372e-04
122              4.39368416e+00 1.35868125e-03 -3.51215239e+00 4.36711498e+00 1.03174859e-03 -3.51178506e+00 2.65691845e-02 3.26932659e-04 -3.67325874e-04
123              4.39366921e+00 1.35980999e-03 -3.51192427e+00 4.36709914e+00 1.03215913e-03 -3.51155848e+00 2.65700673e-02 3.27650861e-04 -3.65786820e-04
124              4.39364566e+00 1.35958515e-03 -3.51169528e+00 4.36708173e+00 1.03251895e-03 -3.51132744e+00 2.65639281e-02 3.27066198e-04 -3.67837983e-04
125              4.39363422e+00 1.36058188e-03 -3.51147104e+00 4.36706633e+00 1.03300037e-03 -3.51110520e+00 2.65678890e-02 3.27581511e-04 -3.65840783e-04
126              4.39361981e+00 1.36125407e-03 -3.51125456e+00 4.36705117e+00 1.03341981e-03 -3.51088802e+00 2.65686443e-02 3.27834258e-04 -3.66531758e-04
127              4.39360764e+00 1.36171981e-03 -3.51104331e+00 4.36703918e+00 1.03393373e-03 -3.51067661e+00 2.65684632e-02 3.27786085e-04 -3.66700838e-04
128              4.39359820e+00 1.36245431e-03 -3.51081654e+00 4.36702822e+00 1.03438146e-03 -3.51044938e+00 2.65699808e-02 3.28072853e-04 -3.67160345e-04
129              4.39358956e+00 1.36321169e-03 -3.51059180e+00 4.36701787e+00 1.03488891e-03 -3.51022460e+00 2.65716976e-02 3.28322779e-04 -3.67201140e-04
130              4.39357670e+00 1.36324227e-03 -3.51037487e+00 4.36700664e+00 1.03525471e-03 -3.51000734e+00 2.65700565e-02 3.27987563e-04 -3.67529464e-04
131              4.39356466e+00 1.36396049e-03 -3.51016419e+00 4.36699581e+00 1.03568647e-03 -3.50979646e+00 2.65688512e-02 3.28274016e-04 -3.67729278e-04
132              4.39355459e+00 1.36415467e-03 -3.50998994e+00 4.36698336e+00 1.03600294e-03 -3.50962258e+00 2.65712264e-02 3.28151730e-04 -3.67358983e-04
133              4.39354612e+00 1.36472509e-03 -3.50982025e+00 4.36697393e+00 1.03636740e-03 -3.50945344e+00 2.65721905e-02 3.28357689e-04 -3.66805583e-04
134              4.39353144e+00 1.36527959e-03 -3.50967917e+00 4.36696390e+00 1.03656935e-03 -3.50931120e+00 2.65675396e-02 3.28710239e-04 -3.67974298e-04
135              4.39353146e+00 1.36504500e-03 -3.50954315e+00 4.36695691e+00 1.03681362e-03 -3.50917670e+00 2.65745503e-02 3.28231381e-04 -3.66453268e-04
136              4.39351744e+00 1.36588774e-03 -3.50945328e+00 4.36694906e+00 1.03693633e-03 -3.50908534e+00 2.65683814e-02 3.28951404e-04 -3.67936499e-04
137              4.39351744e+00 1.36499825e-03 -3.50938013e+00 4.36694451e+00 1.03709337e-03 -3.50901244e+00 2.65729396e-02 3.27904879e-04 -3.67694934e-04
138              4.39350817e+00 1.36553821e-03 -3.50932810e+00 4.36694111e+00 1.03711993e-03 -3.50895961e+00 2.65670648e-02 3.28418286e-04 -3.68495434e-04
139              4.39351294e+00 1.36555989e-03 -3.50927949e+00 4.36694042e+00 1.03715027e-03 -3.50891146e+00 2.65725122e-02 3.28409622e-04 -3.68025579e-04
140              4.39350661e+00 1.36518190e-03 -3.50926714e+00 4.36693899e+00 1.03706529e-03 -3.50889843e+00 2.65676274e-02 3.28116618e-04 -3.68712189e-04
141              4.39351222e+00 1.36515159e-03 -3.50927339e+00 4.36693917e+00 1.03702480e-03 -3.50890565e+00 2.65730472e-02 3.28126792e-04 -3.67738281e-04
142              4.39351060e+00 1.36493096e-03 -3.50932575e+00 4.36693965e+00 1.03686456e-03 -3.50895722e+00 2.65709494e-02 3.28066404e-04 -3.68532346e-04
143              4.39351554e+00 1.36476258e-03 -3.50936060e+00 4.36694312e+00 1.03680392e-03 -3.50899194e+00 2.65724198e-02 3.27958661e-04 -3.68661343e-04
144              4.39350830e+00 1.36516368e-03 -3.50941628e+00 4.36694381e+00 1.03667527e-03 -3.50904598e+00 2.65644872e-02 3.28488415e-04 -3.70300948e-04
145              4.39351432e+00 1.36477555e-03 -3.50945188e+00 4.36694608e+00 1.03661845e-03 -3.50908227e+00 2.65682340e-02 3.28157104e-04 -3.69609885e-04
146              4.39351008e+00 1.36502812e-03 -3.50952665e+00 4.36694508e+00 1.03644008e-03 -3.50915687e+00 2.65649983e-02 3.28588046e-04 -3.69780651e-04
147              4.39352306e+00 1.36381872e-03 -3.50959395e+00 4.36694722e+00 1.03631913e-03 -3.50922559e+00 2.65758443e-02 3.27499590e-04 -3.68361997e-04
148              4.39351520e+00 1.36414749e-03 -3.50967546e+00 4.36694715e+00 1.03608913e-03 -3.50930580e+00 2.65680453e-02 3.28058355e-04 -3.69664599e-04
149              4.39351727e+00 1.36360017e-03 -3.50973848e+00 4.36694832e+00 1.03593530e-03 -3.50936862e+00 2.65689422e-02 3.27664870e-04 -3.69862458e-04
150              4.39351220e+00 1.36391394e-03 -3.50983329e+00 4.36694756e+00 1.03572741e-03 -3.50946321e+00 2.65646457e-02 3.28186531e-04 -3.70075572e-04
151              4.39351742e+00 1.36348914e-03 -3.50990521e+00 4.36695025e+00 1.03563203e-03 -3.50953575e+00 2.65671723e-02 3.27857105e-04 -3.69456346e-04
152              4.39351638e+00 1.36361224e-03 -3.51000148e+00 4.36694984e+00 1.03550685e-03 -3.50963198e+00 2.65665405e-02 3.28105390e-04 -3.69507939e-04
153              4.39351698e+00 1.36373921e-03 -3.51006518e+00 4.36695146e+00 1.03552889e-03 -3.50969586e+00 2.65655207e-02 3.28210320e-04 -3.69317591e-04
154              4.39350794e+00 1.36393084e-03 -3.51018077e+00 4.36694997e+00 1.03549720e-03 -3.50981024e+00 2.65579683e-02 3.28433638e-04 -3.70530469e-04
155              4.39351811e+00 1.36332241e-03 -3.51026609e+00 4.36695330e+00 1.03558706e-03 -3.50989666e+00 2.65648124e-02 3.27735354e-04 -3.69436008e-04
156              4.39351935e+00 1.36348230e-03 -3.51037455e+00 4.36695363e+00 1.03565611e-03 -3.51000562e+00 2.65657165e-02 3.27826186e-04 -3.68927050e-04
157              4.39352574e+00 1.36372112e-03 -3.51046556e+00 4.36695631e+00 1.03582345e-03 -3.51009684e+00 2.65694367e-02 3.27897664e-04 -3.68722365e-04
158              4.39351855e+00 1.36400485e-03 -3.51059002e+00 4.36695676e+00 1.03591223e-03 -3.51022026e+00 2.65617872e-02 3.28092614e-04 -3.69761512e-04
159              4.39352372e+00 1.36387046e-03 -3.51068822e+00 4.36696062e+00 1.03608751e-03 -3.51031788e+00 2.65631057e-02 3.27782954e-04 -3.70336732e-04
160              4.39352593e+00 1.36418574e-03 -3.51079664e+00 4.36696124e+00 1.03618666e-03 -3.51042672e+00 2.65646961e-02 3.27999080e-04 -3.69914298e-04
161              4.39353472e+00 1.36462874e-03 -3.51088099e+00 4.36696450e+00 1.03636958e-03 -3.51051227e+00 2.65702114e-02 3.28259154e-04 -3.68723281e-04
162              4.39353097e+00 1.36465757e-03 -3.51096496e+00 4.36696572e+00 1.03647988e-03 -3.51059508e+00 2.65652428e-02 3.28177696e-04 -3.69881730e-04
163              4.39353627e+00 1.36461971e-03 -3.51101832e+00 4.36696848e+00 1.03667997e-03 -3.51064906e+00 2.65677962e-02 3.27939734e-04 -3.69257648e-04
164              4.39353154e+00 1.36507748e-03 -3.51109774e+00 4.36696953e+00 1.03680062e-03 -3.51072777e+00 2.65620068e-02 3.28276856e-04 -3.69975582e-04
165              4.39354125e+00 1.36528000e-03 -3.51114345e+00 4.36697342e+00 1.03702889e-03 -3.51077449e+00 2.65678257e-02 3.28251110e-04 -3.68968031e-04
166              4.39353754e+00 1.36580824e-03 -3.51123147e+00 4.36697501e+00 1.03714752e-03 -3.51086256e+00 2.65625245e-02 3.28660726e-04 -3.68904737e-04
167              4.39354864e+00 1.36539064e-03 -3.51128320e+00 4.36697934e+00 1.03729675e-03 -3.51091363e+00 2.65692985e-02 3.28093887e-04 -3.69571418e-04
168              4.39354484e+00 1.36628094e-03 -3.51135654e+00 4.36697980e+00 1.03734697e-03 -3.51098735e+00 2.65650445e-02 3.28933975e-04 -3.69189201e-04
169              4.39354647e+00 1.36637177e-03 -3.51138686e+00 4.36698301e+00 1.03743220e-03 -3.51101630e+00 2.65634520e-02 3.28939573e-04 -3.70558739e-04
170              4.39353872e+00 1.36614728e-03 -3.51144289e+00 4.36698263e+00 1.03738464e-03 -3.51107275e+00 2.65560918e-02 3.28762638e-04 -3.70137844e-04
171              4.39355036e+00 1.36598861e-03 -3.51147412e+00 4.36698462e+00 1.03738480e-03 -3.51110462e+00 2.65657325e-02 3.28603818e-04 -3.69500003e-04
172              4.39354422e+00 1.36554818e-03 -3.51154620e+00 4.36698313e+00 1.03729381e-03 -3.51117677e+00 2.65610963e-02 3.28254378e-04 -3.69433232e-04
173              4.39354955e+00 1.36583170e-03 -3.51158631e+00 4.36698446e+00 1.03731830e-03 -3.51121717e+00 2.65650904e-02 3.28513400e-04 -3.69137861e-04
174              4.39354462e+00 1.36584783e-03 -3.51167538e+00 4.36698342e+00 1.03728087e-03 -3.51130614e+00 2.65611984e-02 3.28566962e-04 -3.69240361e-04
175              4.39355915e+00 1.36546351e-03 -3.51171449e+00 4.36698727e+00 1.03732851e-03 -3.51134585e+00 2.65718797e-02 3.28135001e-04 -3.68634083e-04
176              4.39355445e+00 1.36587750e-03 -3.51178355e+00 4.36698756e+00 1.03731071e-03 -3.51141511e+00 2.65668880e-02 3.28566794e-04 -3.68442449e-04
177              4.39356007e+00 1.36570956e-03 -3.51181313e+00 4.36699168e+00 1.03736347e-03 -3.51144398e+00 2.65683938e-02 3.28346085e-04 -3.69142200e-04
178              4.39355828e+00 1.36566829e-03 -3.51186508e+00 4.36699372e+00 1.03729065e-03 -3.51149642e+00 2.65645620e-02 3.28377638e-04 -3.68663106e-04
179              4.39357258e+00 1.36528224e-03 -3.51188897e+00 4.36699854e+00 1.03725198e-03 -3.51152037e+00 2.65740359e-02 3.28030258e-04 -3.68599479e-04
180              4.39357069e+00 1.36526674e-03 -3.51191988e+00 4.36700025e+00 1.03712881e-03 -3.51155101e+00 2.65704434e-02 3.28137926e-04 -3.68865140e-04
181              4.39357446e+00 1.36525753e-03 -3.51191605e+00 4.36700326e+00 1.03705906e-03 -3.51154745e+00 2.65712024e-02 3.28198475e-04 -3.68593085e-04
182              4.39356707e+00 1.36544808e-03 -3.51193934e+00 4.36700347e+00 1.03691184e-03 -3.51156965e+00 2.65635977e-02 3.28536240e-04 -3.69693736e-04
183              4.39357805e+00 1.36516977e-03 -3.51193267e+00 4.36700535e+00 1.03687110e-03 -3.51156435e+00 2.65726985e-02 3.28298672e-04 -3.68327150e-04
184              4.39357430e+00 1.36542001e-03 -3.51196124e+00 4.36700476e+00 1.03676199e-03 -3.51159283e+00 2.65695424e-02 3.28658025e-04 -3.68404795e-04
185              4.39358078e+00 1.36530452e-03 -3.51194024e+00 4.36700671e+00 1.03676367e-03 -3.51157180e+00 2.65740723e-02 3.28540847e-04 -3.68440197e-04
186              4.39357397e+00 1.36535145e-03 -3.51196151e+00 4.36700573e+00 1.03669285e-03 -3.51159335e+00 2.65682410e-02 3.28658597e-04 -3.68161258e-04
187              4.39358213e+00 1.36488390e-03 -3.51194107e+00 4.36700898e+00 1.03668605e-03 -3.51157200e+00 2.65731551e-02 3.28197845e-04 -3.69072988e-04
188              4.39357660e+00 1.36500325e-03 -3.51194034e+00 4.36700898e+00 1.03668605e-03 -3.51157200e+00 2.65676196e-02 3.28317194e-04 -3.68339111e-04
189              4.39357873e+00 1.36505945e-03 -3.51194103e+00 4.36700898e+00 1.03668605e-03 -3.51157200e+00 2.65697509e-02 3.28373393e-04 -3.69028644e-04
190              4.39357738e+00 1.36485624e-03 -3.51197138e+00 4.36701205e+00 1.03655561e-03 -3.51160250e+00 2.65653293e-02 3.28300622e-04 -3.68879346e-04
191              4.39358271e+00 1.36461454e-03 -3.51197097e+00 4.36701205e+00 1.03655561e-03 -3.51160250e+00 2.65706574e-02 3.28058930e-04 -3.68473395e-04
192              4.39357512e+00 1.36482033e-03 -3.51197157e+00 4.36701205e+00 1.03655561e-03 -3.51160250e+00 2.65630640e-02 3.28264714e-04 -3.69071224e-04
193              4.39358707e+00 1.36515116e-03 -3.51197711e+00 4.36701403e+00 1.03665689e-03 -3.51160885e+00 2.65730415e-02 3.28494267e-04 -3.68262134e-04
194              4.39358339e+00 1.36554647e-03 -3.51197720e+00 4.36701403e+00 1.03665689e-03 -3.51160885e+00 2.65693599e-02 3.28889579e-04 -3.68347055e-04
195              4.39358847e+00 1.36520155e-03 -3.51197446e+00 4.36700995e+00 1.03676865e-03 -3.51160632e+00 2.65785158e-02 3.28432907e-04 -3.68142552e-04
196              4.39357402e+00 1.36487704e-03 -3.51196592e+00 4.36700775e+00 1.03663880e-03 -3.51159786e+00 2.65662712e-02 3.28238244e-04 -3.68058405e-04
197              4.39357701e+00 1.36480809e-03 -3.51196662e+00 4.36700775e+00 1.03663880e-03 -3.51159786e+00 2.65692655e-02 3.28169296e-04 -3.68762576e-04
198              4.39357336e+00 1.36495473e-03 -3.51196171e+00 4.36700831e+00 1.03647660e-03 -3.51159409e+00 2.65650531e-02 3.28478132e-04 -3.67619003e-04
199              4.39358642e+00 1.36457613e-03 -3.51194055e+00 4.36701261e+00 1.03651811e-03 -3.51157240e+00 2.65738133e-02 3.28058028e-04 -3.68153220e-04
200              4.39358260e+00 1.36502447e-03 -3.51193961e+00 4.36701261e+00 1.03651811e-03 -3.51157240e+00 2.65699962e-02 3.28506369e-04 -3.67216229e-04
201              4.39357990e+00 1.36513283e-03 -3.51194731e+00 4.36700853e+00 1.03660622e-03 -3.51157915e+00 2.65713709e-02 3.28526606e-04 -3.68156824e-04
202              4.39356660e+00 1.36522977e-03 -3.51195171e+00 4.36700707e+00 1.03652360e-03 -3.51158247e+00 2.65595283e-02 3.28706168e-04 -3.69239866e-04
203              4.39358151e+00 1.36462309e-03 -3.51195031e+00 4.36700707e+00 1.03652360e-03 -3.51158247e+00 2.65744452e-02 3.28099485e-04 -3.67841277e-04
204              4.39357956e+00 1.36476601e-03 -3.51188490e+00 4.36701106e+00 1.03646438e-03 -3.51151709e+00 2.65684977e-02 3.28301632e-04 -3.67810183e-04
205              4.39358735e+00 1.36496330e-03 -3.51180262e+00 4.36701195e+00 1.03653354e-03 -3.51143437e+00 2.65754025e-02 3.28429763e-04 -3.68249295e-04
206              4.39358211e+00 1.36509798e-03 -3.51180159e+00 4.36701195e+00 1.03653354e-03 -3.51143437e+00 2.65701581e-02 3.28564444e-04 -3.67217914e-04
207              4.39358127e+00 1.36464867e-03 -3.51174564e+00 4.36700614e+00 1.03664681e-03 -3.51137718e+00 2.65751295e-02 3.28001856e-04 -3.68461030e-04
208              4.39356954e+00 1.36502035e-03 -3.51172571e+00 4.36700082e+00 1.03666323e-03 -3.51135836e+00 2.65687240e-02 3.28357123e-04 -3.67354220e-04
209              4.39357597e+00 1.36512485e-03 -3.51172626e+00 4.36700082e+00 1.03666323e-03 -3.51135836e+00 2.65751516e-02 3.28461619e-04 -3.67903139e-04
210              4.39357756e+00 1.36508659e-03 -3.51164382e+00 4.36700533e+00 1.03674694e-03 -3.51127646e+00 2.65722376e-02 3.28339647e-04 -3.67359958e-04
211              4.39358306e+00 1.36476131e-03 -3.51157648e+00 4.36700716e+00 1.03687342e-03 -3.51120827e+00 2.65759011e-02 3.27887886e-04 -3.68213696e-04
212              4.39357242e+00 1.36480806e-03 -3.51157743e+00 4.36700716e+00 1.03687342e-03 -3.51120827e+00 2.65652575e-02 3.27934640e-04 -3.69160690e-04
213              4.39356625e+00 1.36505580e-03 -3.51156070e+00 4.36700012e+00 1.03713802e-03 -3.51119159e+00 2.65661218e-02 3.27917787e-04 -3.69105805e-04
214              4.39355554e+00 1.36534631e-03 -3.51157459e+00 4.36699615e+00 1.03720527e-03 -3.51120575e+00 2.65593902e-02 3.28141032e-04 -3.68843912e-04
215              4.39356514e+00 1.36469519e-03 -3.51157399e+00 4.36699615e+00 1.03720527e-03 -3.51120575e+00 2.65689818e-02 3.27489914e-04 -3.68247527e-04
216              4.39357021e+00 1.36560803e-03 -3.51155332e+00 4.36700155e+00 1.03727569e-03 -3.51118599e+00 2.65686622e-02 3.28332341e-04 -3.67331299e-04
217              4.39357777e+00 1.36563677e-03 -3.51152661e+00 4.36700521e+00 1.03735169e-03 -3.51115745e+00 2.65725577e-02 3.28285086e-04 -3.69154811e-04
218              4.39357153e+00 1.36561382e-03 -3.51152642e+00 4.36700521e+00 1.03735169e-03 -3.51115745e+00 2.65663234e-02 3.28262134e-04 -3.68971164e-04
219              4.39357448e+00 1.36553203e-03 -3.51153719e+00 4.36700163e+00 1.03745280e-03 -3.51116783e+00 2.65728584e-02 3.28079233e-04 -3.69361811e-04
220              4.39356289e+00 1.36539131e-03 -3.51154690e+00 4.36699904e+00 1.03738253e-03 -3.51117715e+00 2.65638478e-02 3.28008782e-04 -3.69755057e-04
221              4.39356888e+00 1.36532933e-03 -3.51154582e+00 4.36699904e+00 1.03738253e-03 -3.51117715e+00 2.65698413e-02 3.27946794e-04 -3.68669837e-04
222              4.39356274e+00 1.36582313e-03 -3.51154614e+00 4.36699904e+00 1.03738253e-03 -3.51117715e+00 2.65636918e-02 3.28440598e-04 -3.68992207e-04
223              4.39357346e+00 1.36566714e-03 -3.51149085e+00 4.36700185e+00 1.03745567e-03 -3.51112237e+00 2.65716107e-02 3.28211468e-04 -3.68473781e-04
224              4.39356916e+00 1.36599718e-03 -3.51152123e+00 4.36699980e+00 1.03733394e-03 -3.51115271e+00 2.65693633e-02 3.28663242e-04 -3.68526297e-04
225              4.39357371e+00 1.36588285e-03 -3.51152133e+00 4.36699980e+00 1.03733394e-03 -3.51115271e+00 2.65739102e-02 3.28548917e-04 -3.68622874e-04
226              4.39357317e+00 1.36652161e-03 -3.51152069e+00 4.36699980e+00 1.03733394e-03 -3.51115271e+00 2.65733722e-02 3.29187674e-04 -3.67980657e-04
227              4.39357601e+00 1.36602927e-03 -3.51152233e+00 4.36699980e+00 1.03733394e-03 -3.51115271e+00 2.65762143e-02 3.28695333e-04 -3.69624870e-04
228              4.39357547e+00 1.36585540e-03 -3.51141625e+00 4.36700351e+00 1.03721600e-03 -3.51104772e+00 2.65719638e-02 3.28639395e-04 -3.68536365e-04
229              4.39357240e+00 1.36556016e-03 -3.51132972e+00 4.36700179e+00 1.03720600e-03 -3.51096053e+00 2.65706058e-02 3.28354159e-04 -3.69182282e-04
230              4.39357021e+00 1.36529853e-03 -3.51132882e+00 4.36700179e+00 1.03720600e-03 -3.51096053e+00 2.65684158e-02 3.28092534e-04 -3.68289936e-04
231              4.39356661e+00 1.36546071e-03 -3.51128265e+00 4.36699865e+00 1.03726467e-03 -3.51091385e+00 2.65679621e-02 3.28196046e-04 -3.68803152e-04
232              4.39356024e+00 1.36550393e-03 -3.51128293e+00 4.36699865e+00 1.03726467e-03 -3.51091385e+00 2.65615869e-02 3.28239264e-04 -3.69078414e-04
233              4.39356510e+00 1.36613898e-03 -3.51128157e+00 4.36699865e+00 1.03726467e-03 -3.51091385e+00 2.65664521e-02 3.28874315e-04 -3.67722552e-04
234              4.39356237e+00 1.36558529e-03 -3.51126872e+00 4.36700193e+00 1.03698289e-03 -3.51090047e+00 2.65604424e-02 3.28602406e-04 -3.68246504e-04
235              4.39357031e+00 1.36549828e-03 -3.51126868e+00 4.36700193e+00 1.03698289e-03 -3.51090047e+00 2.65683821e-02 3.28515394e-04 -3.68205800e-04
236              4.39357173e+00 1.36468986e-03 -3.51133825e+00 4.36700632e+00 1.03664011e-03 -3.51096925e+00 2.65654060e-02 3.28049747e-04 -3.69007927e-04
237              4.39357366e+00 1.36523262e-03 -3.51138299e+00 4.36700739e+00 1.03683743e-03 -3.51101324e+00 2.65662685e-02 3.28395197e-04 -3.69752861e-04
238              4.39357331e+00 1.36476663e-03 -3.51138317e+00 4.36700739e+00 1.03683743e-03 -3.51101324e+00 2.65659183e-02 3.27929200e-04 -3.69937000e-04
239              4.39357373e+00 1.36476444e-03 -3.51133935e+00 4.36700681e+00 1.03693856e-03 -3.51096954e+00 2.65669271e-02 3.27825884e-04 -3.69809564e-04
240              4.39357250e+00 1.36490205e-03 -3.51130902e+00 4.36700311e+00 1.03679808e-03 -3.51094112e+00 2.65693882e-02 3.28103966e-04 -3.67900864e-04
241              4.39356740e+00 1.36524165e-03 -3.51130952e+00 4.36700311e+00 1.03679808e-03 -3.51094112e+00 2.65642858e-02 3.28443568e-04 -3.68394205e-04
242              4.39356501e+00 1.36511254e-03 -3.51130910e+00 4.36700311e+00 1.03679808e-03 -3.51094112e+00 2.65618943e-02 3.28314452e-04 -3.67981967e-04
243              4.39358681e+00 1.36516865e-03 -3.51133432e+00 4.36700847e+00 1.03710583e-03 -3.51096752e+00 2.65783356e-02 3.28062822e-04 -3.66799747e-04
244              4.39357710e+00 1.36508571e-03 -3.51138379e+00 4.36701151e+00 1.03699544e-03 -3.51101378e+00 2.65655890e-02 3.28090273e-04 -3.70015173e-04
245              4.39357896e+00 1.36524894e-03 -3.51138444e+00 4.36701151e+00 1.03699544e-03 -3.51101378e+00 2.65674523e-02 3.28253501e-04 -3.70662719e-04
246              4.39357338e+00 1.36478925e-03 -3.51138405e+00 4.36701151e+00 1.03699544e-03 -3.51101378e+00 2.65618647e-02 3.27793812e-04 -3.70275716e-04
247              4.39358118e+00 1.36580247e-03 -3.51132863e+00 4.36701008e+00 1.03765012e-03 -3.51095903e+00 2.65711029e-02 3.28152353e-04 -3.69597467e-04
248              4.39357962e+00 1.36562559e-03 -3.51133102e+00 4.36700553e+00 1.03767144e-03 -3.51096309e+00 2.65740964e-02 3.27954154e-04 -3.67933394e-04
249              4.39357694e+00 1.36607920e-03 -3.51133182e+00 4.36700553e+00 1.03767144e-03 -3.51096309e+00 2.65714103e-02 3.28407765e-04 -3.68731319e-04
250              4.39357206e+00 1.36498872e-03 -3.51134696e+00 4.36700354e+00 1.03727929e-03 -3.51097825e+00 2.65685273e-02 3.27709433e-04 -3.68713321e-04
251              4.39357493e+00 1.36498859e-03 -3.51134663e+00 4.36700354e+00 1.03727929e-03 -3.51097825e+00 2.65713913e-02 3.27709302e-04 -3.68381127e-04
252              4.39356877e+00 1.36483670e-03 -3.51134708e+00 4.36700354e+00 1.03727929e-03 -3.51097825e+00 2.65652282e-02 3.27557414e-04 -3.68831323e-04
253              4.39358530e+00 1.36619704e-03 -3.51134283e+00 4.36700649e+00 1.03786709e-03 -3.51097644e+00 2.65788084e-02 3.28329953e-04 -3.66397788e-04
254              4.39357614e+00 1.36626991e-03 -3.51134513e+00 4.36700649e+00 1.03786709e-03 -3.51097644e+00 2.65696539e-02 3.28402820e-04 -3.68690057e-04
255              4.39357994e+00 1.36668972e-03 -3.51134725e+00 4.36700417e+00 1.03871525e-03 -3.51097939e+00 2.65757703e-02 3.27974466e-04 -3.67864768e-04
256              4.39357435e+00 1.36677250e-03 -3.51135918e+00 4.36700468e+00 1.03817140e-03 -3.51099100e+00 2.65696698e-02 3.28601099e-04 -3.68182293e-04
257              4.39357541e+00 1.36657544e-03 -3.51135949e+00 4.36700468e+00 1.03817140e-03 -3.51099100e+00 2.65707276e-02 3.28404040e-04 -3.68484867e-04
258              4.39358390e+00 1.36602584e-03 -3.51136946e+00 4.36700782e+00 1.03781760e-03 -3.51100227e+00 2.65760788e-02 3.28208239e-04 -3.67187178e-04
259              4.39358893e+00 1.36616646e-03 -3.51136073e+00 4.36701136e+00 1.03825472e-03 -3.51099255e+00 2.65775721e-02 3.27911740e-04 -3.68176232e-04
260              4.39358406e+00 1.36612285e-03 -3.51136084e+00 4.36701136e+00 1.03825472e-03 -3.51099255e+00 2.65726979e-02 3.27868129e-04 -3.68289057e-04
261              4.39356963e+00 1.36701771e-03 -3.51135701e+00 4.36700719e+00 1.03842223e-03 -3.51098716e+00 2.65624378e-02 3.28595486e-04 -3.69850153e-04
262              4.39356170e+00 1.36669303e-03 -3.51137842e+00 4.36700372e+00 1.03823349e-03 -3.51100883e+00 2.65579780e-02 3.28459531e-04 -3.69591266e-04
263              4.39358160e+00 1.36686632e-03 -3.51137460e+00 4.36700372e+00 1.03823349e-03 -3.51100883e+00 2.65778759e-02 3.28632824e-04 -3.65766256e-04
264              4.39357724e+00 1.36667872e-03 -3.51137555e+00 4.36700372e+00 1.03823349e-03 -3.51100883e+00 2.65735155e-02 3.28445223e-04 -3.66719918e-04
265              4.39358055e+00 1.36719688e-03 -3.51137543e+00 4.36700372e+00 1.03823349e-03 -3.51100883e+00 2.65768224e-02 3.28963390e-04 -3.66595911e-04
266              4.39356569e+00 1.36747511e-03 -3.51137690e+00 4.36700372e+00 1.03823349e-03 -3.51100883e+00 2.65619655e-02 3.29241618e-04 -3.68072616e-04
267              4.39357083e+00 1.36825178e-03 -3.51151509e+00 4.36700030e+00 1.03910352e-03 -3.51114650e+00 2.65705305e-02 3.29148265e-04 -3.68587992e-04
268              4.39357428e+00 1.36751355e-03 -3.51162688e+00 4.36700338e+00 1.03856255e-03 -3.51125841e+00 2.65708988e-02 3.28951006e-04 -3.68469890e-04
269              4.39358139e+00 1.36708639e-03 -3.51164774e+00 4.36700938e+00 1.03799054e-03 -3.51127891e+00 2.65720041e-02 3.29095843e-04 -3.68825747e-04
270              4.39357739e+00 1.36619923e-03 -3.51166717e+00 4.36701113e+00 1.03749454e-03 -3.51129816e+00 2.65662646e-02 3.28704695e-04 -3.69018913e-04
271              4.39357754e+00 1.36590279e-03 -3.51166760e+00 4.36701113e+00 1.03749454e-03 -3.51129816e+00 2.65664123e-02 3.28408247e-04 -3.69444824e-04
272              4.39357948e+00 1.36578960e-03 -3.51166609e+00 4.36701113e+00 1.03749454e-03 -3.51129816e+00 2.65683534e-02 3.28295063e-04 -3.67937095e-04
273              4.39359071e+00 1.36593150e-03 -3.51165901e+00 4.36701413e+00 1.03717731e-03 -3.51129144e+00 2.65765790e-02 3.28754190e-04 -3.67562932e-04
274              4.39358285e+00 1.36585280e-03 -3.51165987e+00 4.36701413e+00 1.03717731e-03 -3.51129144e+00 2.65687211e-02 3.28675485e-04 -3.68422168e-04
275              4.39359312e+00 1.36567018e-03 -3.51165935e+00 4.36701413e+00 1.03717731e-03 -3.51129144e+00 2.65789918e-02 3.28492869e-04 -3.67903242e-04
276              4.39358295e+00 1.36654254e-03 -3.51164080e+00 4.36701635e+00 1.03785074e-03 -3.51127133e+00 2.65666073e-02 3.28691800e-04 -3.69473503e-04
277              4.39359006e+00 1.36633509e-03 -3.51160289e+00 4.36702031e+00 1.03747523e-03 -3.51123460e+00 2.65697509e-02 3.28859862e-04 -3.68286034e-04
278              4.39359184e+00 1.36507269e-03 -3.51160727e+00 4.36702072e+00 1.03673741e-03 -3.51123933e+00 2.65711162e-02 3.28335284e-04 -3.67936799e-04
279              4.39359721e+00 1.36461637e-03 -3.51160706e+00 4.36702072e+00 1.03673741e-03 -3.51123933e+00 2.65764821e-02 3.27878961e-04 -3.67726302e-04
280              4.39359165e+00 1.36510809e-03 -3.51160725e+00 4.36702072e+00 1.03673741e-03 -3.51123933e+00 2.65709253e-02 3.28370678e-04 -3.67915208e-04
281              4.39359015e+00 1.36427702e-03 -3.51162565e+00 4.36702560e+00 1.03598914e-03 -3.51125602e+00 2.65645457e-02 3.28287881e-04 -3.69632580e-04
282              4.39359112e+00 1.36324573e-03 -3.51168624e+00 4.36702527e+00 1.03549611e-03 -3.51131739e+00 2.65658539e-02 3.27749617e-04 -3.68853848e-04
283              4.39360842e+00 1.36353927e-03 -3.51170649e+00 4.36703040e+00 1.03545216e-03 -3.51133905e+00 2.65780251e-02 3.28087115e-04 -3.67430825e-04
284              4.39359857e+00 1.36322752e-03 -3.51170807e+00 4.36703040e+00 1.03545216e-03 -3.51133905e+00 2.65681730e-02 3.27775359e-04 -3.69018029e-04
285              4.39359858e+00 1.36348851e-03 -3.51170853e+00 4.36703040e+00 1.03545216e-03 -3.51133905e+00 2.65681834e-02 3.28036352e-04 -3.69476248e-04
286              4.39358598e+00 1.36299740e-03 -3.51171934e+00 4.36702407e+00 1.03522272e-03 -3.51134990e+00 2.65619109e-02 3.27774678e-04 -3.69439939e-04
287              4.39360000e+00 1.36339068e-03 -3.51171755e+00 4.36702407e+00 1.03522272e-03 -3.51134990e+00 2.65759284e-02 3.28167962e-04 -3.67650043e-04
288              4.39360561e+00 1.36346470e-03 -3.51177215e+00 4.36702436e+00 1.03529311e-03 -3.51140529e+00 2.65812488e-02 3.28171590e-04 -3.66857217e-04
289              4.39360275e+00 1.36332761e-03 -3.51178653e+00 4.36702486e+00 1.03466738e-03 -3.51141784e+00 2.65778888e-02 3.28660234e-04 -3.68686159e-04
290              4.39359489e+00 1.36289698e-03 -3.51178754e+00 4.36702486e+00 1.03466738e-03 -3.51141784e+00 2.65700288e-02 3.28229597e-04 -3.69700499e-04
291              4.39359367e+00 1.36318536e-03 -3.51176262e+00 4.36702398e+00 1.03473547e-03 -3.51139312e+00 2.65696844e-02 3.28449887e-04 -3.69497210e-04
292              4.39358879e+00 1.36257838e-03 -3.51175240e+00 4.36702169e+00 1.03455144e-03 -3.51138311e+00 2.65671025e-02 3.28026941e-04 -3.69285870e-04
293              4.39360132e+00 1.36269189e-03 -3.51174915e+00 4.36702169e+00 1.03455144e-03 -3.51138311e+00 2.65796285e-02 3.28140450e-04 -3.66033615e-04
294              4.39359140e+00 1.36240835e-03 -3.51175028e+00 4.36702169e+00 1.03455144e-03 -3.51138311e+00 2.65697170e-02 3.27856915e-04 -3.67164323e-04
295              4.39359806e+00 1.36328745e-03 -3.51179930e+00 4.36702594e+00 1.03471027e-03 -3.51143169e+00 2.65721189e-02 3.28577176e-04 -3.67608079e-04
296              4.39359541e+00 1.36276716e-03 -3.51179961e+00 4.36702594e+00 1.03471027e-03 -3.51143169e+00 2.65694717e-02 3.28056886e-04 -3.67924891e-04
297              4.39359908e+00 1.36324163e-03 -3.51180007e+00 4.36702594e+00 1.03471027e-03 -3.51143169e+00 2.65731427e-02 3.28531359e-04 -3.68385259e-04
298              4.39360053e+00 1.36437568e-03 -3.51186056e+00 4.36702996e+00 1.03611795e-03 -3.51149156e+00 2.65705661e-02 3.28257737e-04 -3.68998500e-04
299              4.39360474e+00 1.36461829e-03 -3.51186067e+00 4.36702996e+00 1.03611795e-03 -3.51149156e+00 2.65747736e-02 3.28500347e-04 -3.69108002e-04
300              4.39360433e+00 1.36497126e-03 -3.51180834e+00 4.36703092e+00 1.03687892e-03 -3.51143960e+00 2.65734042e-02 3.28092345e-04 -3.68735249e-04
301              4.39359976e+00 1.36630368e-03 -3.51178388e+00 4.36702805e+00 1.03747749e-03 -3.51141570e+00 2.65717076e-02 3.28826197e-04 -3.68184994e-04
302              4.39359686e+00 1.36610979e-03 -3.51178459e+00 4.36702805e+00 1.03747749e-03 -3.51141570e+00 2.65688126e-02 3.28632302e-04 -3.68891794e-04
303              4.39359879e+00 1.36482950e-03 -3.51180088e+00 4.36702433e+00 1.03746255e-03 -3.51143238e+00 2.65744617e-02 3.27366956e-04 -3.68503397e-04
304              4.39359057e+00 1.36532153e-03 -3.51181447e+00 4.36702197e+00 1.03754604e-03 -3.51144485e+00 2.65685992e-02 3.27775492e-04 -3.69624537e-04
305              4.39359387e+00 1.36551044e-03 -3.51181441e+00 4.36702197e+00 1.03754604e-03 -3.51144485e+00 2.65719009e-02 3.27964401e-04 -3.69565593e-04
306              4.39359386e+00 1.36475596e-03 -3.51177707e+00 4.36702290e+00 1.03700259e-03 -3.51140792e+00 2.65709605e-02 3.27753378e-04 -3.69142058e-04
307              4.39360211e+00 1.36452254e-03 -3.51175725e+00 4.36702254e+00 1.03685991e-03 -3.51138927e+00 2.65795748e-02 3.27662632e-04 -3.67972399e-04
308              4.39360025e+00 1.36460342e-03 -3.51175764e+00 4.36702254e+00 1.03685991e-03 -3.51138927e+00 2.65777155e-02 3.27743515e-04 -3.68362542e-04
309              4.39359326e+00 1.36512024e-03 -3.51175968e+00 4.36702254e+00 1.03685991e-03 -3.51138927e+00 2.65707230e-02 3.28260329e-04 -3.70410240e-04
310              4.39358675e+00 1.36388991e-03 -3.51173910e+00 4.36701533e+00 1.03574209e-03 -3.51136904e+00 2.65714276e-02 3.28147822e-04 -3.70053596e-04
311              4.39358780e+00 1.36383391e-03 -3.51173768e+00 4.36701533e+00 1.03574209e-03 -3.51136904e+00 2.65724742e-02 3.28091822e-04 -3.68633693e-04
312              4.39359254e+00 1.36349586e-03 -3.51173556e+00 4.36701533e+00 1.03574209e-03 -3.51136904e+00 2.65772091e-02 3.27753771e-04 -3.66520066e-04
313              4.39359569e+00 1.36370761e-03 -3.51171757e+00 4.36701863e+00 1.03488277e-03 -3.51135035e+00 2.65770611e-02 3.28824848e-04 -3.67222660e-04
314              4.39358398e+00 1.36352384e-03 -3.51171998e+00 4.36701863e+00 1.03488277e-03 -3.51135035e+00 2.65653553e-02 3.28641078e-04 -3.69628618e-04
315              4.39358685e+00 1.36415238e-03 -3.51176168e+00 4.36701368e+00 1.03578205e-03 -3.51139247e+00 2.65731703e-02 3.28370328e-04 -3.69206738e-04
316              4.39358598e+00 1.36396483e-03 -3.51176478e+00 4.36701520e+00 1.03583457e-03 -3.51139555e+00 2.65707729e-02 3.28130260e-04 -3.69233221e-04
317              4.39358806e+00 1.36427070e-03 -3.51176438e+00 4.36701520e+00 1.03583457e-03 -3.51139555e+00 2.65728549e-02 3.28436126e-04 -3.68834396e-04
318              4.39358510e+00 1.36396458e-03 -3.51173082e+00 4.36701538e+00 1.03620023e-03 -3.51136244e+00 2.65697175e-02 3.27764343e-04 -3.68383844e-04
319              4.39358680e+00 1.36547191e-03 -3.51170887e+00 4.36701580e+00 1.03703676e-03 -3.51134048e+00 2.65709943e-02 3.28435149e-04 -3.68391553e-04
320              4.39358671e+00 1.36540437e-03 -3.51170895e+00 4.36701580e+00 1.03703676e-03 -3.51134048e+00 2.65709067e-02 3.28367611e-04 -3.68477585e-04
321              4.39358186e+00 1.36627152e-03 -3.51171492e+00 4.36701183e+00 1.03741499e-03 -3.51134626e+00 2.65700347e-02 3.28856530e-04 -3.68662345e-04
322              4.39358408e+00 1.36578446e-03 -3.51172082e+00 4.36701210e+00 1.03742083e-03 -3.51135272e+00 2.65719742e-02 3.28363627e-04 -3.68104269e-04
323              4.39359258e+00 1.36581326e-03 -3.51171945e+00 4.36701210e+00 1.03742083e-03 -3.51135272e+00 2.65804808e-02 3.28392430e-04 -3.66725101e-04
324              4.39358040e+00 1.36509250e-03 -3.51172113e+00 4.36701210e+00 1.03742083e-03 -3.51135272e+00 2.65682970e-02 3.27671674e-04 -3.68406128e-04
325              4.39358035e+00 1.36541312e-03 -3.51172070e+00 4.36701210e+00 1.03742083e-03 -3.51135272e+00 2.65682470e-02 3.27992291e-04 -3.67984243e-04
326              4.39357137e+00 1.36547744e-03 -3.51184494e+00 4.36700809e+00 1.03810070e-03 -3.51147573e+00 2.65632852e-02 3.27376743e-04 -3.69216271e-04
327              4.39359076e+00 1.36623341e-03 -3.51191048e+00 4.36701465e+00 1.03852037e-03 -3.51154254e+00 2.65761117e-02 3.27713033e-04 -3.67939925e-04
328              4.39359123e+00 1.36633869e-03 -3.51191051e+00 4.36701465e+00 1.03852037e-03 -3.51154254e+00 2.65765787e-02 3.27818316e-04 -3.67977714e-04
329              4.39358918e+00 1.36776403e-03 -3.51190200e+00 4.36701673e+00 1.03896116e-03 -3.51153314e+00 2.65724582e-02 3.28802866e-04 -3.68857686e-04
330              4.39358599e+00 1.36787313e-03 -3.51188584e+00 4.36701613e+00 1.03898455e-03 -3.51151665e+00 2.65698545e-02 3.28888577e-04 -3.69184821e-04
331              4.39358754e+00 1.36779944e-03 -3.51188543e+00 4.36701613e+00 1.03898455e-03 -3.51151665e+00 2.65714104e-02 3.28814886e-04 -3.68781399e-04
332              4.39359056e+00 1.36656450e-03 -3.51185304e+00 4.36701701e+00 1.03868370e-03 -3.51148490e+00 2.65735517e-02 3.27880792e-04 -3.68142117e-04
333              4.39359514e+00 1.36682189e-03 -3.51182211e+00 4.36701787e+00 1.03862434e-03 -3.51145482e+00 2.65772763e-02 3.28197543e-04 -3.67295585e-04
334              4.39358521e+00 1.36633156e-03 -3.51182423e+00 4.36701787e+00 1.03862434e-03 -3.51145482e+00 2.65673397e-02 3.27707219e-04 -3.69416777e-04
335              4.39359143e+00 1.36653602e-03 -3.51182446e+00 4.36701787e+00 1.03862434e-03 -3.51145482e+00 2.65735675e-02 3.27911680e-04 -3.69646869e-04
336              4.39359347e+00 1.36538869e-03 -3.51174125e+00 4.36701897e+00 1.03835117e-03 -3.51137258e+00 2.65745025e-02 3.27037521e-04 -3.68672448e-04
337              4.39359849e+00 1.36683221e-03 -3.51165549e+00 4.36701965e+00 1.03846985e-03 -3.51128826e+00 2.65788449e-02 3.28362368e-04 -3.67225958e-04
338              4.39359579e+00 1.36584312e-03 -3.51165600e+00 4.36701965e+00 1.03846985e-03 -3.51128826e+00 2.65761464e-02 3.27373274e-04 -3.67733299e-04
339              4.39359072e+00 1.36602911e-03 -3.51159904e+00 4.36701523e+00 1.03812897e-03 -3.51123127e+00 2.65754903e-02 3.27900142e-04 -3.67769816e-04
340              4.39358266e+00 1.36558777e-03 -3.51158874e+00 4.36701294e+00 1.03807620e-03 -3.51122022e+00 2.65697274e-02 3.27511572e-04 -3.68525787e-04
341              4.39358194e+00 1.36633932e-03 -3.51158818e+00 4.36701294e+00 1.03807620e-03 -3.51122022e+00 2.65689992e-02 3.28263121e-04 -3.67964120e-04
342              4.39358005e+00 1.36510228e-03 -3.51157639e+00 4.36701239e+00 1.03739371e-03 -3.51120786e+00 2.65676541e-02 3.27708570e-04 -3.68529640e-04
343              4.39358396e+00 1.36505147e-03 -3.51157619e+00 4.36701239e+00 1.03739371e-03 -3.51120786e+00 2.65715719e-02 3.27657761e-04 -3.68324275e-04
344              4.39358406e+00 1.36572652e-03 -3.51157565e+00 4.36701239e+00 1.03739371e-03 -3.51120786e+00 2.65716648e-02 3.28332809e-04 -3.67790013e-04
345              4.39358592e+00 1.36545048e-03 -3.51158629e+00 4.36700876e+00 1.03636255e-03 -3.51121862e+00 2.65771665e-02 3.29087930e-04 -3.67670718e-04
346              4.39358239e+00 1.36492182e-03 -3.51158603e+00 4.36700876e+00 1.03636255e-03 -3.51121862e+00 2.65736288e-02 3.28559271e-04 -3.67417460e-04
347              4.39358832e+00 1.36437962e-03 -3.51156149e+00 4.36700926e+00 1.03626852e-03 -3.51119442e+00 2.65790611e-02 3.28111104e-04 -3.67077443e-04
348              4.39358575e+00 1.36393791e-03 -3.51154743e+00 4.36700864e+00 1.03610082e-03 -3.51117969e+00 2.65771087e-02 3.27837083e-04 -3.67739765e-04
349              4.39357795e+00 1.36431092e-03 -3.51154865e+00 4.36700864e+00 1.03610082e-03 -3.51117969e+00 2.65693128e-02 3.28210091e-04 -3.68958260e-04
350              4.39357596e+00 1.36402770e-03 -3.51154830e+00 4.36700864e+00 1.03610082e-03 -3.51117969e+00 2.65673180e-02 3.27926874e-04 -3.68615686e-04
351              4.39357557e+00 1.36546826e-03 -3.51157950e+00 4.36700523e+00 1.03737045e-03 -3.51121237e+00 2.65703407e-02 3.28097811e-04 -3.67124946e-04
352              4.39357444e+00 1.36616336e-03 -3.51166023e+00 4.36700579e+00 1.03768975e-03 -3.51129136e+00 2.65686548e-02 3.28473616e-04 -3.68868641e-04
353              4.39357603e+00 1.36684444e-03 -3.51166000e+00 4.36700579e+00 1.03768975e-03 -3.51129136e+00 2.65702423e-02 3.29154695e-04 -3.68642821e-04
354              4.39357189e+00 1.36604673e-03 -3.51169133e+00 4.36700571e+00 1.03772684e-03 -3.51132219e+00 2.65661717e-02 3.28319887e-04 -3.69146629e-04
355              4.39358204e+00 1.36693942e-03 -3.51167802e+00 4.36700776e+00 1.03823456e-03 -3.51130967e+00 2.65742837e-02 3.28704865e-04 -3.68345477e-04
356              4.39358064e+00 1.36615807e-03 -3.51167841e+00 4.36700776e+00 1.03823456e-03 -3.51130967e+00 2.65728836e-02 3.27923509e-04 -3.68734962e-04
357              4.39358111e+00 1.36667355e-03 -3.51167918e+00 4.36700776e+00 1.03823456e-03 -3.51130967e+00 2.65733479e-02 3.28438990e-04 -3.69503439e-04
358              4.39357765e+00 1.36577433e-03 -3.51163300e+00 4.36700605e+00 1.03846889e-03 -3.51126350e+00 2.65716020e-02 3.27305445e-04 -3.69491311e-04
359              4.39357656e+00 1.36681009e-03 -3.51156551e+00 4.36700595e+00 1.03908497e-03 -3.51119654e+00 2.65706090e-02 3.27725127e-04 -3.68965002e-04
360              4.39357767e+00 1.36707365e-03 -3.51156591e+00 4.36700595e+00 1.03908497e-03 -3.51119654e+00 2.65717131e-02 3.27988681e-04 -3.69365255e-04
361              4.39356679e+00 1.36790120e-03 -3.51151585e+00 4.36700075e+00 1.03945299e-03 -3.51114667e+00 2.65660419e-02 3.28448212e-04 -3.69174189e-04
362              4.39356664e+00 1.36799100e-03 -3.51151516e+00 4.36700075e+00 1.03945299e-03 -3.51114667e+00 2.65658953e-02 3.28538008e-04 -3.68485985e-04
363              4.39356962e+00 1.36842047e-03 -3.51151487e+00 4.36700075e+00 1.03945299e-03 -3.51114667e+00 2.65688722e-02 3.28967486e-04 -3.68199656e-04
364              4.39356889e+00 1.36581984e-03 -3.51152759e+00 4.36699815e+00 1.03785375e-03 -3.51115923e+00 2.65707471e-02 3.27966092e-04 -3.68356330e-04
365              4.39356650e+00 1.36585371e-03 -3.51152805e+00 4.36699815e+00 1.03785375e-03 -3.51115923e+00 2.65683542e-02 3.27999954e-04 -3.68815435e-04
366              4.39357131e+00 1.36459900e-03 -3.51156754e+00 4.36700004e+00 1.03658979e-03 -3.51119955e+00 2.65712746e-02 3.28009209e-04 -3.67985886e-04
367              4.39357705e+00 1.36444406e-03 -3.51159193e+00 4.36700131e+00 1.03629043e-03 -3.51122388e+00 2.65757467e-02 3.28153630e-04 -3.68048328e-04
368              4.39357707e+00 1.36440305e-03 -3.51159240e+00 4.36700131e+00 1.03629043e-03 -3.51122388e+00 2.65757616e-02 3.28112620e-04 -3.68519944e-04
369              4.39357048e+00 1.36645538e-03 -3.51159255e+00 4.36699950e+00 1.03674844e-03 -3.51122370e+00 2.65709793e-02 3.29706938e-04 -3.68847925e-04
370              4.39356867e+00 1.36542544e-03 -3.51157493e+00 4.36699936e+00 1.03648867e-03 -3.51120524e+00 2.65693051e-02 3.28936767e-04 -3.69692474e-04
371              4.39356806e+00 1.36536126e-03 -3.51157371e+00 4.36699936e+00 1.03648867e-03 -3.51120524e+00 2.65686940e-02 3.28872586e-04 -3.68477149e-04
372              4.39357204e+00 1.36511977e-03 -3.51154059e+00 4.36700242e+00 1.03700369e-03 -3.51117158e+00 2.65696144e-02 3.28116079e-04 -3.69009857e-04
373              4.39358310e+00 1.36700999e-03 -3.51150912e+00 4.36700488e+00 1.03759412e-03 -3.51114251e+00 2.65782143e-02 3.29415877e-04 -3.66612073e-04
374              4.39357767e+00 1.36634934e-03 -3.51151050e+00 4.36700488e+00 1.03759412e-03 -3.51114251e+00 2.65727874e-02 3.28755219e-04 -3.67993141e-04
375              4.39358500e+00 1.36656207e-03 -3.51151034e+00 4.36700488e+00 1.03759412e-03 -3.51114251e+00 2.65801206e-02 3.28967953e-04 -3.67836825e-04
376              4.39358398e+00 1.36713975e-03 -3.51146892e+00 4.36700788e+00 1.03865878e-03 -3.51110128e+00 2.65760973e-02 3.28480975e-04 -3.67642132e-04
377              4.39358455e+00 1.36757169e-03 -3.51146882e+00 4.36700788e+00 1.03865878e-03 -3.51110128e+00 2.65766657e-02 3.28912912e-04 -3.67538449e-04
378              4.39358674e+00 1.36742028e-03 -3.51146786e+00 4.36700788e+00 1.03865878e-03 -3.51110128e+00 2.65788567e-02 3.28761505e-04 -3.66580889e-04
379              4.39358761e+00 1.36829869e-03 -3.51143998e+00 4.36700810e+00 1.04049934e-03 -3.51107332e+00 2.65795151e-02 3.27799349e-04 -3.66660764e-04
380              4.39358963e+00 1.36984971e-03 -3.51145880e+00 4.36701003e+00 1.04145943e-03 -3.51109115e+00 2.65795957e-02 3.28390278e-04 -3.67647258e-04
381              4.39358171e+00 1.36979930e-03 -3.51143680e+00 4.36701266e+00 1.04150681e-03 -3.51106843e+00 2.65690459e-02 3.28292492e-04 -3.68366780e-04
382              4.39357871e+00 1.36984455e-03 -3.51142657e+00 4.36701215e+00 1.04131775e-03 -3.51105717e+00 2.65665555e-02 3.28526807e-04 -3.69394003e-04
383              4.39358099e+00 1.37053049e-03 -3.51142536e+00 4.36701215e+00 1.04131775e-03 -3.51105717e+00 2.65688396e-02 3.29212746e-04 -3.68189677e-04
384              4.39358412e+00 1.37071360e-03 -3.51142512e+00 4.36701215e+00 1.04131775e-03 -3.51105717e+00 2.65719633e-02 3.29395856e-04 -3.67943312e-04
385              4.39358688e+00 1.36921996e-03 -3.51138448e+00 4.36701090e+00 1.04030768e-03 -3.51101724e+00 2.65759745e-02 3.28912277e-04 -3.67243377e-04
386              4.39357879e+00 1.36825214e-03 -3.51138552e+00 4.36701090e+00 1.04030768e-03 -3.51101724e+00 2.65678883e-02 3.27944458e-04 -3.68284182e-04
387              4.39357999e+00 1.36766879e-03 -3.51138227e+00 4.36700877e+00 1.03867081e-03 -3.51101303e+00 2.65712159e-02 3.28997976e-04 -3.69240901e-04
388              4.39357473e+00 1.36490839e-03 -3.51136211e+00 4.36700647e+00 1.03714755e-03 -3.51099272e+00 2.65682573e-02 3.27760839e-04 -3.69382772e-04
389              4.39357698e+00 1.36593735e-03 -3.51136106e+00 4.36700647e+00 1.03714755e-03 -3.51099272e+00 2.65705101e-02 3.28789807e-04 -3.68338078e-04
390              4.39357981e+00 1.36455766e-03 -3.51131684e+00 4.36700679e+00 1.03615311e-03 -3.51094899e+00 2.65730172e-02 3.28404558e-04 -3.67843819e-04
391              4.39357365e+00 1.36449660e-03 -3.51128158e+00 4.36700641e+00 1.03541716e-03 -3.51091313e+00 2.65672397e-02 3.29079445e-04 -3.68445666e-04
392              4.39357209e+00 1.36459359e-03 -3.51128294e+00 4.36700641e+00 1.03541716e-03 -3.51091313e+00 2.65656851e-02 3.29176433e-04 -3.69804341e-04
393              4.39357031e+00 1.36513093e-03 -3.51128264e+00 4.36700641e+00 1.03541716e-03 -3.51091313e+00 2.65638991e-02 3.29713773e-04 -3.69509003e-04
394              4.39357495e+00 1.36472054e-03 -3.51122046e+00 4.36700646e+00 1.03494521e-03 -3.51085138e+00 2.65684937e-02 3.29775332e-04 -3.69081767e-04
395              4.39358296e+00 1.36369990e-03 -3.51114207e+00 4.36700599e+00 1.03453601e-03 -3.51077519e+00 2.65769638e-02 3.29163883e-04 -3.66875079e-04
396              4.39357473e+00 1.36328100e-03 -3.51114242e+00 4.36700599e+00 1.03453601e-03 -3.51077519e+00 2.65687398e-02 3.28744985e-04 -3.67228004e-04
397              4.39357550e+00 1.36450625e-03 -3.51114296e+00 4.36700599e+00 1.03453601e-03 -3.51077519e+00 2.65695086e-02 3.29970239e-04 -3.67765374e-04
398              4.39357598e+00 1.36317361e-03 -3.51116915e+00 4.36700458e+00 1.03381398e-03 -3.51080137e+00 2.65714013e-02 3.29359632e-04 -3.67776203e-04
399              4.39357735e+00 1.36267517e-03 -3.51114282e+00 4.36700709e+00 1.03328030e-03 -3.51077468e+00 2.65702583e-02 3.29394872e-04 -3.68136606e-04
400              4.39357817e+00 1.36227037e-03 -3.51114268e+00 4.36700709e+00 1.03328030e-03 -3.51077468e+00 2.65710832e-02 3.28990072e-04 -3.67994652e-04
401              4.39357110e+00 1.36343026e-03 -3.51114353e+00 4.36700709e+00 1.03328030e-03 -3.51077468e+00 2.65640114e-02 3.30149956e-04 -3.68851231e-04
402              4.39357268e+00 1.36213662e-03 -3.51113844e+00 4.36700536e+00 1.03225683e-03 -3.51076908e+00 2.65673226e-02 3.29879796e-04 -3.69355626e-04
403              4.39357993e+00 1.36089711e-03 -3.51110588e+00 4.36700404e+00 1.03152378e-03 -3.51073891e+00 2.65758845e-02 3.29373336e-04 -3.66970723e-04
404              4.39357172e+00 1.36048886e-03 -3.51110756e+00 4.36700404e+00 1.03152378e-03 -3.51073891e+00 2.65676775e-02 3.28965084e-04 -3.68655491e-04
405              4.39357756e+00 1.36120679e-03 -3.51110747e+00 4.36700404e+00 1.03152378e-03 -3.51073891e+00 2.65735200e-02 3.29683009e-04 -3.68562642e-04
406              4.39356551e+00 1.36014500e-03 -3.51111206e+00 4.36699904e+00 1.03041401e-03 -3.51074271e+00 2.65664687e-02 3.29730989e-04 -3.69341357e-04
407              4.39357257e+00 1.36005233e-03 -3.51111143e+00 4.36699904e+00 1.03041401e-03 -3.51074271e+00 2.65735261e-02 3.29638320e-04 -3.68719010e-04
408              4.39357495e+00 1.35980436e-03 -3.51110197e+00 4.36699994e+00 1.03093791e-03 -3.51073453e+00 2.65750080e-02 3.28866452e-04 -3.67441388e-04
409              4.39357411e+00 1.36097508e-03 -3.51109742e+00 4.36700102e+00 1.03170194e-03 -3.51072883e+00 2.65730911e-02 3.29273141e-04 -3.68590736e-04
410              4.39356786e+00 1.36033532e-03 -3.51109827e+00 4.36700102e+00 1.03170194e-03 -3.51072883e+00 2.65668352e-02 3.28633376e-04 -3.69440308e-04
411              4.39356034e+00 1.36158974e-03 -3.51111994e+00 4.36699723e+00 1.03278836e-03 -3.51075059e+00 2.65631078e-02 3.28801380e-04 -3.69353956e-04
412              4.39356081e+00 1.36224877e-03 -3.51114326e+00 4.36699679e+00 1.03334810e-03 -3.51077382e+00 2.65640178e-02 3.28900675e-04 -3.69441711e-04
413              4.39356916e+00 1.36218430e-03 -3.51114105e+00 4.36699679e+00 1.03334810e-03 -3.51077382e+00 2.65723724e-02 3.28836202e-04 -3.67224614e-04
414              4.39355979e+00 1.36191087e-03 -3.51114223e+00 4.36699679e+00 1.03334810e-03 -3.51077382e+00 2.65630003e-02 3.28562768e-04 -3.68404297e-04
415              4.39356720e+00 1.36313883e-03 -3.51120838e+00 4.36699817e+00 1.03505348e-03 -3.51084081e+00 2.65690253e-02 3.28085353e-04 -3.67571870e-04
416              4.39356909e+00 1.36400449e-03 -3.51132438e+00 4.36700164e+00 1.03525402e-03 -3.51095569e+00 2.65674443e-02 3.28750475e-04 -3.68690318e-04
417              4.39357047e+00 1.36427180e-03 -3.51132568e+00 4.36700164e+00 1.03525402e-03 -3.51095569e+00 2.65688267e-02 3.29017783e-04 -3.69990458e-04
418              4.39356961e+00 1.36386697e-03 -3.51139210e+00 4.36700206e+00 1.03551149e-03 -3.51102249e+00 2.65675486e-02 3.28355478e-04 -3.69603067e-04
419              4.39357507e+00 1.36460758e-03 -3.51139435e+00 4.36700413e+00 1.03606633e-03 -3.51102493e+00 2.65709405e-02 3.28541254e-04 -3.69416638e-04
420              4.39357285e+00 1.36396010e-03 -3.51139493e+00 4.36700413e+00 1.03606633e-03 -3.51102493e+00 2.65687126e-02 3.27893769e-04 -3.69991724e-04
421              4.39356843e+00 1.36458699e-03 -3.51139205e+00 4.36700117e+00 1.03628736e-03 -3.51102333e+00 2.65672525e-02 3.28299636e-04 -3.68721525e-04
422              4.39356295e+00 1.36432032e-03 -3.51139247e+00 4.36700117e+00 1.03628736e-03 -3.51102333e+00 2.65617746e-02 3.28032964e-04 -3.69140797e-04
423              4.39357359e+00 1.36466361e-03 -3.51139080e+00 4.36700117e+00 1.03628736e-03 -3.51102333e+00 2.65724170e-02 3.28376258e-04 -3.67474735e-04
424              4.39357985e+00 1.36332468e-03 -3.51136617e+00 4.36700600e+00 1.03495497e-03 -3.51099763e+00 2.65738527e-02 3.28369711e-04 -3.68533888e-04
425              4.39358518e+00 1.36345840e-03 -3.51136579e+00 4.36700600e+00 1.03495497e-03 -3.51099763e+00 2.65791768e-02 3.28503424e-04 -3.68155716e-04
426              4.39358316e+00 1.36267869e-03 -3.51134744e+00 4.36700558e+00 1.03425149e-03 -3.51097965e+00 2.65775814e-02 3.28427202e-04 -3.67783718e-04
427              4.39358241e+00 1.36244386e-03 -3.51133049e+00 4.36700488e+00 1.03396195e-03 -3.51096167e+00 2.65775276e-02 3.28481903e-04 -3.68820397e-04
428              4.39357726e+00 1.36168316e-03 -3.51133068e+00 4.36700488e+00 1.03396195e-03 -3.51096167e+00 2.65723785e-02 3.27721211e-04 -3.69009332e-04
429              4.39357095e+00 1.36313182e-03 -3.51131149e+00 4.36699989e+00 1.03415699e-03 -3.51094268e+00 2.65710608e-02 3.28974831e-04 -3.68808960e-04
430              4.39356938e+00 1.36264596e-03 -3.51131547e+00 4.36699698e+00 1.03405608e-03 -3.51094720e+00 2.65724000e-02 3.28589884e-04 -3.68270212e-04
431              4.39356853e+00 1.36234263e-03 -3.51131515e+00 4.36699698e+00 1.03405608e-03 -3.51094720e+00 2.65715431e-02 3.28286549e-04 -3.67951039e-04
432              4.39356979e+00 1.36263991e-03 -3.51129592e+00 4.36699915e+00 1.03430647e-03 -3.51092765e+00 2.65706413e-02 3.28333438e-04 -3.68264283e-04
433              4.39357684e+00 1.36345728e-03 -3.51127136e+00 4.36700242e+00 1.03471636e-03 -3.51090402e+00 2.65744236e-02 3.28740922e-04 -3.67345391e-04
434              4.39357189e+00 1.36348281e-03 -3.51127293e+00 4.36700242e+00 1.03471636e-03 -3.51090402e+00 2.65694695e-02 3.28766452e-04 -3.68914719e-04
435              4.39358178e+00 1.36289776e-03 -3.51127262e+00 4.36700242e+00 1.03471636e-03 -3.51090402e+00 2.65793595e-02 3.28181395e-04 -3.68597656e-04
436              4.39357571e+00 1.36248190e-03 -3.51127328e+00 4.36700242e+00 1.03471636e-03 -3.51090402e+00 2.65732862e-02 3.27765535e-04 -3.69264202e-04
437              4.39357394e+00 1.36354660e-03 -3.51127345e+00 4.36700242e+00 1.03471636e-03 -3.51090402e+00 2.65715193e-02 3.28830241e-04 -3.69427992e-04
438              4.39356837e+00 1.36190516e-03 -3.51116929e+00 4.36699797e+00 1.03309344e-03 -3.51080063e+00 2.65704029e-02 3.28811714e-04 -3.68667428e-04
439              4.39356310e+00 1.36224541e-03 -3.51111176e+00 4.36699322e+00 1.03280975e-03 -3.51074404e+00 2.65698840e-02 3.29435658e-04 -3.67712513e-04
440              4.39357337e+00 1.36153550e-03 -3.51110958e+00 4.36699322e+00 1.03280975e-03 -3.51074404e+00 2.65801482e-02 3.28725750e-04 -3.65537031e-04
441              4.39356920e+00 1.36138608e-03 -3.51111939e+00 4.36699571e+00 1.03226743e-03 -3.51075195e+00 2.65734943e-02 3.29118652e-04 -3.67445515e-04
442              4.39356323e+00 1.36017967e-03 -3.51113250e+00 4.36699766e+00 1.03194850e-03 -3.51076332e+00 2.65655671e-02 3.28231175e-04 -3.69182580e-04
443              4.39356482e+00 1.36071198e-03 -3.51113171e+00 4.36699766e+00 1.03194850e-03 -3.51076332e+00 2.65671578e-02 3.28763476e-04 -3.68389223e-04
444              4.39356987e+00 1.36043284e-03 -3.51112638e+00 4.36700221e+00 1.03163051e-03 -3.51075739e+00 2.65676555e-02 3.28802327e-04 -3.68988130e-04
445              4.39357893e+00 1.36101725e-03 -3.51113277e+00 4.36700181e+00 1.03187835e-03 -3.51076534e+00 2.65771198e-02 3.29138907e-04 -3.67424258e-04
446              4.39357237e+00 1.36055393e-03 -3.51113377e+00 4.36700181e+00 1.03187835e-03 -3.51076534e+00 2.65705654e-02 3.28675580e-04 -3.68430174e-04
447              4.39357098e+00 1.36184583e-03 -3.51115780e+00 4.36699852e+00 1.03259173e-03 -3.51078899e+00 2.65724635e-02 3.29254099e-04 -3.68811424e-04
448              4.39357029e+00 1.36167309e-03 -3.51115488e+00 4.36699708e+00 1.03284567e-03 -3.51078622e+00 2.65732135e-02 3.28827415e-04 -3.68656326e-04
449              4.39356602e+00 1.36273541e-03 -3.51115544e+00 4.36699708e+00 1.03284567e-03 -3.51078622e+00 2.65689346e-02 3.29889742e-04 -3.69216528e-04
450              4.39356868e+00 1.36222997e-03 -3.51115396e+00 4.36699708e+00 1.03284567e-03 -3.51078622e+00 2.65715957e-02 3.29384295e-04 -3.67741849e-04
451              4.39356864e+00 1.36368768e-03 -3.51119432e+00 4.36699770e+00 1.03336849e-03 -3.51082635e+00 2.65709470e-02 3.30319194e-04 -3.67976493e-04
452              4.39356306e+00 1.36261499e-03 -3.51125328e+00 4.36699705e+00 1.03339395e-03 -3.51088362e+00 2.65660080e-02 3.29221043e-04 -3.69652596e-04
453              4.39356109e+00 1.36292282e-03 -3.51125285e+00 4.36699705e+00 1.03339395e-03 -3.51088362e+00 2.65640380e-02 3.29528878e-04 -3.69227639e-04
454              4.39355826e+00 1.36280813e-03 -3.51125319e+00 4.36699705e+00 1.03339395e-03 -3.51088362e+00 2.65612119e-02 3.29414188e-04 -3.69560083e-04
455              4.39356921e+00 1.36255068e-03 -3.51126373e+00 4.36699784e+00 1.03328372e-03 -3.51089555e+00 2.65713697e-02 3.29266968e-04 -3.68186522e-04
456              4.39356572e+00 1.36217745e-03 -3.51128390e+00 4.36699549e+00 1.03306748e-03 -3.51091549e+00 2.65702276e-02 3.29109974e-04 -3.68408679e-04
457              4.39356609e+00 1.36262493e-03 -3.51128834e+00 4.36699624e+00 1.03323406e-03 -3.51091977e+00 2.65698496e-02 3.29390875e-04 -3.68564246e-04
458              4.39356458e+00 1.36260022e-03 -3.51129493e+00 4.36699635e+00 1.03355728e-03 -3.51092612e+00 2.65682367e-02 3.29042936e-04 -3.68802492e-04
459              4.39356527e+00 1.36237313e-03 -3.51129490e+00 4.36699635e+00 1.03355728e-03 -3.51092612e+00 2.65689215e-02 3.28815853e-04 -3.68772511e-04
460              4.39356641e+00 1.36177033e-03 -3.51129407e+00 4.36699635e+00 1.03355728e-03 -3.51092612e+00 2.65700681e-02 3.28213050e-04 -3.67946975e-04
461              4.39356068e+00 1.36386276e-03 -3.51131539e+00 4.36699903e+00 1.03430091e-03 -3.51094696e+00 2.65616438e-02 3.29561844e-04 -3.68426123e-04
462              4.39356379e+00 1.36326903e-03 -3.51131552e+00 4.36699903e+00 1.03430091e-03 -3.51094696e+00 2.65647551e-02 3.28968120e-04 -3.68556335e-04
463              4.39356875e+00 1.36324286e-03 -3.51131573e+00 4.36699903e+00 1.03430091e-03 -3.51094696e+00 2.65697207e-02 3.28941945e-04 -3.68763503e-04
464              4.39357051e+00 1.36476901e-03 -3.51132770e+00 4.36700319e+00 1.03591836e-03 -3.51095845e+00 2.65673248e-02 3.28850647e-04 -3.69245096e-04
465              4.39358205e+00 1.36620184e-03 -3.51127106e+00 4.36700662e+00 1.03666460e-03 -3.51090404e+00 2.65754307e-02 3.29537237e-04 -3.67018276e-04
466              4.39357799e+00 1.36561167e-03 -3.51127153e+00 4.36700662e+00 1.03666460e-03 -3.51090404e+00 2.65713752e-02 3.28947070e-04 -3.67490391e-04
467              4.39358535e+00 1.36588595e-03 -3.51127105e+00 4.36700662e+00 1.03666460e-03 -3.51090404e+00 2.65787301e-02 3.29221347e-04 -3.67011115e-04
468              4.39357739e+00 1.36637291e-03 -3.51129236e+00 4.36700772e+00 1.03730603e-03 -3.51092338e+00 2.65696760e-02 3.29066880e-04 -3.68978477e-04
469              4.39357751e+00 1.36655750e-03 -3.51128667e+00 4.36700821e+00 1.03755699e-03 -3.51091831e+00 2.65692940e-02 3.29000510e-04 -3.68357466e-04
470              4.39357251e+00 1.36641423e-03 -3.51130549e+00 4.36700730e+00 1.03776536e-03 -3.51093605e+00 2.65652028e-02 3.28648875e-04 -3.69439915e-04
471              4.39357064e+00 1.36640101e-03 -3.51130600e+00 4.36700730e+00 1.03776536e-03 -3.51093605e+00 2.65633331e-02 3.28635655e-04 -3.69947177e-04
472              4.39358197e+00 1.36586654e-03 -3.51130378e+00 4.36700730e+00 1.03776536e-03 -3.51093605e+00 2.65746634e-02 3.28101181e-04 -3.67729581e-04
473              4.39358314e+00 1.36677506e-03 -3.51126604e+00 4.36700939e+00 1.03791112e-03 -3.51089808e+00 2.65737409e-02 3.28863939e-04 -3.67956070e-04
474              4.39357441e+00 1.36682688e-03 -3.51124790e+00 4.36700693e+00 1.03801422e-03 -3.51087874e+00 2.65674820e-02 3.28812659e-04 -3.69165413e-04
475              4.39357988e+00 1.36692097e-03 -3.51124746e+00 4.36700693e+00 1.03801422e-03 -3.51087874e+00 2.65729484e-02 3.28906747e-04 -3.68718035e-04
476              4.39357426e+00 1.36646929e-03 -3.51124811e+00 4.36700693e+00 1.03801422e-03 -3.51087874e+00 2.65673319e-02 3.28455070e-04 -3.69367130e-04
477              4.39358234e+00 1.36693142e-03 -3.51120949e+00 4.36700576e+00 1.03812716e-03 -3.51084210e+00 2.65765854e-02 3.28804253e-04 -3.67392485e-04
478              4.39357903e+00 1.36711500e-03 -3.51120979e+00 4.36700576e+00 1.03812716e-03 -3.51084210e+00 2.65732769e-02 3.28987840e-04 -3.67696878e-04
479              4.39357596e+00 1.36710974e-03 -3.51121164e+00 4.36700576e+00 1.03812716e-03 -3.51084210e+00 2.65702005e-02 3.28982576e-04 -3.69547680e-04
480              4.39357475e+00 1.36591066e-03 -3.51118552e+00 4.36700295e+00 1.03674000e-03 -3.51081642e+00 2.65717955e-02 3.29170660e-04 -3.69095332e-04
481              4.39356768e+00 1.36610989e-03 -3.51113975e+00 4.36700273e+00 1.03648413e-03 -3.51077022e+00 2.65649533e-02 3.29625752e-04 -3.69535409e-04
482              4.39357373e+00 1.36534400e-03 -3.51113863e+00 4.36700273e+00 1.03648413e-03 -3.51077022e+00 2.65710051e-02 3.28859871e-04 -3.68411535e-04
483              4.39357629e+00 1.36562351e-03 -3.51111504e+00 4.36700110e+00 1.03643385e-03 -3.51074686e+00 2.65751867e-02 3.29189661e-04 -3.68181033e-04
484              4.39356183e+00 1.36417411e-03 -3.51109626e+00 4.36699777e+00 1.03589550e-03 -3.51072603e+00 2.65640619e-02 3.28278609e-04 -3.70226710e-04
485              4.39356330e+00 1.36477674e-03 -3.51109484e+00 4.36699777e+00 1.03589550e-03 -3.51072603e+00 2.65655295e-02 3.28881244e-04 -3.68807087e-04
486              4.39356165e+00 1.36412883e-03 -3.51108478e+00 4.36699563e+00 1.03562922e-03 -3.51071609e+00 2.65660234e-02 3.28499612e-04 -3.68690764e-04
487              4.39357115e+00 1.36430596e-03 -3.51108365e+00 4.36699563e+00 1.03562922e-03 -3.51071609e+00 2.65755204e-02 3.28676737e-04 -3.67556237e-04
488              4.39357173e+00 1.36416835e-03 -3.51108337e+00 4.36699563e+00 1.03562922e-03 -3.51071609e+00 2.65760983e-02 3.28539127e-04 -3.67281663e-04
489              4.39356727e+00 1.36544875e-03 -3.51108188e+00 4.36699645e+00 1.03619025e-03 -3.51071354e+00 2.65708259e-02 3.29258501e-04 -3.68335996e-04
490              4.39356502e+00 1.36533271e-03 -3.51109585e+00 4.36699667e+00 1.03602180e-03 -3.51072714e+00 2.65683517e-02 3.29310905e-04 -3.68711587e-04
491              4.39356030e+00 1.36538379e-03 -3.51109678e+00 4.36699667e+00 1.03602180e-03 -3.51072714e+00 2.65636291e-02 3.29361983e-04 -3.69644983e-04
492              4.39356810e+00 1.36483094e-03 -3.51109493e+00 4.36699667e+00 1.03602180e-03 -3.51072714e+00 2.65714269e-02 3.28809141e-04 -3.67796191e-04
493              4.39357038e+00 1.36630853e-03 -3.51109592e+00 4.36699787e+00 1.03662876e-03 -3.51072842e+00 2.65725021e-02 3.29679767e-04 -3.67506861e-04
494              4.39356303e+00 1.36544746e-03 -3.51113540e+00 4.36699558e+00 1.03634575e-03 -3.51076651e+00 2.65674491e-02 3.29101717e-04 -3.68893088e-04
495              4.39356413e+00 1.36522087e-03 -3.51115297e+00 4.36699572e+00 1.03598552e-03 -3.51078402e+00 2.65684067e-02 3.29235351e-04 -3.68952266e-04
496              4.39356208e+00 1.36465409e-03 -3.51115307e+00 4.36699572e+00 1.03598552e-03 -3.51078402e+00 2.65663610e-02 3.28668569e-04 -3.69046844e-04
497              4.39357047e+00 1.36540266e-03 -3.51115186e+00 4.36699572e+00 1.03598552e-03 -3.51078402e+00 2.65747556e-02 3.29417140e-04 -3.67840221e-04
498              4.39357460e+00 1.36444928e-03 -3.51113428e+00 4.36699881e+00 1.03553871e-03 -3.51076619e+00 2.65757906e-02 3.28910567e-04 -3.68085109e-04
499              4.39357473e+00 1.36439884e-03 -3.51109009e+00 4.36699964e+00 1.03553970e-03 -3.51072197e+00 2.65750922e-02 3.28859143e-04 -3.68117745e-04
500              4.39357116e+00 1.36442425e-03 -3.51109117e+00 4.36699964e+00 1.03553970e-03 -3.51072197e+00 2.65715182e-02 3.28884553e-04 -3.69203368e-04
501              4.39356276e+00 1.36541186e-03 -3.51109182e+00 4.36699964e+00 1.03553970e-03 -3.51072197e+00 2.65631209e-02 3.29872159e-04 -3.69854263e-04
502              4.39356285e+00 1.36425613e-03 -3.51109288e+00 4.36699847e+00 1.03474269e-03 -3.51072266e+00 2.65643835e-02 3.29513438e-04 -3.70222810e-04
503              4.39356378e+00 1.36372040e-03 -3.51107205e+00 4.36699684e+00 1.03476420e-03 -3.51070314e+00 2.65669431e-02 3.28956204e-04 -3.68909642e-04
504              4.39356670e+00 1.36394490e-03 -3.51106788e+00 4.36699500e+00 1.03525235e-03 -3.51069905e+00 2.65717007e-02 3.28692553e-04 -3.68825348e-04
505              4.39356601e+00 1.36463293e-03 -3.51106853e+00 4.36699500e+00 1.03525235e-03 -3.51069905e+00 2.65710097e-02 3.29380586e-04 -3.69472903e-04
506              4.39356208e+00 1.36373243e-03 -3.51106855e+00 4.36699500e+00 1.03525235e-03 -3.51069905e+00 2.65670793e-02 3.28480086e-04 -3.69493733e-04
507              4.39356431e+00 1.36406701e-03 -3.51109846e+00 4.36698945e+00 1.03565162e-03 -3.51073017e+00 2.65748578e-02 3.28415388e-04 -3.68293320e-04
508              4.39356508e+00 1.36451473e-03 -3.51112880e+00 4.36699007e+00 1.03606519e-03 -3.51076016e+00 2.65750158e-02 3.28449543e-04 -3.68638710e-04
509              4.39356563e+00 1.36483878e-03 -3.51111962e+00 4.36699181e+00 1.03625362e-03 -3.51075069e+00 2.65738257e-02 3.28585165e-04 -3.68922274e-04
510              4.39355673e+00 1.36426742e-03 -3.51112091e+00 4.36699181e+00 1.03625362e-03 -3.51075069e+00 2.65649188e-02 3.28013800e-04 -3.70212638e-04
511              4.39355392e+00 1.36472320e-03 -3.51112098e+00 4.36699181e+00 1.03625362e-03 -3.51075069e+00 2.65621149e-02 3.28469587e-04 -3.70290495e-04
512              4.39356241e+00 1.36492146e-03 -3.51113580e+00 4.36699005e+00 1.03651109e-03 -3.51076724e+00 2.65723598e-02 3.28410362e-04 -3.68563830e-04
513              4.39356678e+00 1.36554602e-03 -3.51112965e+00 4.36699002e+00 1.03676450e-03 -3.51076266e+00 2.65767614e-02 3.28781524e-04 -3.66985900e-04
514              4.39356236e+00 1.36514829e-03 -3.51113043e+00 4.36699002e+00 1.03676450e-03 -3.51076266e+00 2.65723389e-02 3.28383786e-04 -3.67770624e-04
515              4.39356539e+00 1.36554207e-03 -3.51113077e+00 4.36699002e+00 1.03676450e-03 -3.51076266e+00 2.65753639e-02 3.28777570e-04 -3.68107433e-04
516              4.39356013e+00 1.36473810e-03 -3.51113774e+00 4.36699145e+00 1.03677710e-03 -3.51076877e+00 2.65686766e-02 3.27960999e-04 -3.68962860e-04
517              4.39356472e+00 1.36513794e-03 -3.51111961e+00 4.36699247e+00 1.03715536e-03 -3.51075170e+00 2.65722482e-02 3.27982578e-04 -3.67907935e-04
518              4.39356786e+00 1.36518368e-03 -3.51111859e+00 4.36699247e+00 1.03715536e-03 -3.51075170e+00 2.65753829e-02 3.28028317e-04 -3.66894206e-04
519              4.39356982e+00 1.36610939e-03 -3.51112152e+00 4.36699509e+00 1.03764309e-03 -3.51075339e+00 2.65747250e-02 3.28466307e-04 -3.68130894e-04
520              4.39356644e+00 1.36599835e-03 -3.51114891e+00 4.36699423e+00 1.03735108e-03 -3.51077993e+00 2.65722046e-02 3.28647266e-04 -3.68980744e-04
521              4.39355722e+00 1.36644519e-03 -3.51114953e+00 4.36699423e+00 1.03735108e-03 -3.51077993e+00 2.65629843e-02 3.29094111e-04 -3.69601697e-04
522              4.39356397e+00 1.36605525e-03 -3.51117760e+00 4.36699610e+00 1.03751047e-03 -3.51080825e+00 2.65678768e-02 3.28544780e-04 -3.69345619e-04
523              4.39357201e+00 1.36586262e-03 -3.51117594e+00 4.36699610e+00 1.03751047e-03 -3.51080825e+00 2.65759156e-02 3.28352151e-04 -3.67689748e-04
524              4.39357010e+00 1.36531505e-03 -3.51117658e+00 4.36699610e+00 1.03751047e-03 -3.51080825e+00 2.65740041e-02 3.27804581e-04 -3.68328259e-04
525              4.39356880e+00 1.36669255e-03 -3.51117204e+00 4.36699370e+00 1.03812344e-03 -3.51080418e+00 2.65750948e-02 3.28569108e-04 -3.67861873e-04
526              4.39355768e+00 1.36679571e-03 -3.51118986e+00 4.36699252e+00 1.03814580e-03 -3.51082103e+00 2.65651542e-02 3.28649911e-04 -3.68837435e-04
527              4.39356403e+00 1.36675885e-03 -3.51118927e+00 4.36699252e+00 1.03814580e-03 -3.51082103e+00 2.65715104e-02 3.28613047e-04 -3.68240293e-04
528              4.39356927e+00 1.36625836e-03 -3.51118797e+00 4.36699252e+00 1.03814580e-03 -3.51082103e+00 2.65767510e-02 3.28112558e-04 -3.66943542e-04
529              4.39356994e+00 1.36816336e-03 -3.51117628e+00 4.36699756e+00 1.03941553e-03 -3.51080796e+00 2.65723794e-02 3.28747824e-04 -3.68316504e-04
530              4.39356322e+00 1.36866700e-03 -3.51119830e+00 4.36699973e+00 1.03954707e-03 -3.51082786e+00 2.65634877e-02 3.29119928e-04 -3.70442549e-04
531              4.39356294e+00 1.36815122e-03 -3.51120726e+00 4.36700156e+00 1.03928185e-03 -3.51083711e+00 2.65613776e-02 3.28869368e-04 -3.70153449e-04
532              4.39356228e+00 1.36812739e-03 -3.51120744e+00 4.36700156e+00 1.03928185e-03 -3.51083711e+00 2.65607184e-02 3.28845536e-04 -3.70333089e-04
533              4.39357089e+00 1.36874895e-03 -3.51120571e+00 4.36700156e+00 1.03928185e-03 -3.51083711e+00 2.65693252e-02 3.29467094e-04 -3.68605007e-04
534              4.39357715e+00 1.36782070e-03 -3.51120681e+00 4.36700570e+00 1.03898665e-03 -3.51083812e+00 2.65714500e-02 3.28834041e-04 -3.68687474e-04
535              4.39357722e+00 1.36707185e-03 -3.51117701e+00 4.36700503e+00 1.03900436e-03 -3.51080864e+00 2.65721871e-02 3.28067494e-04 -3.68374079e-04
536              4.39357295e+00 1.36758279e-03 -3.51117304e+00 4.36700197e+00 1.03914131e-03 -3.51080530e+00 2.65709763e-02 3.28441472e-04 -3.67737928e-04
537              4.39357185e+00 1.36877712e-03 -3.51117413e+00 4.36700197e+00 1.03914131e-03 -3.51080530e+00 2.65698748e-02 3.29635810e-04 -3.68825420e-04
538              4.39357399e+00 1.36789670e-03 -3.51117337e+00 4.36700197e+00 1.03914131e-03 -3.51080530e+00 2.65720131e-02 3.28755386e-04 -3.68070874e-04
539              4.39357552e+00 1.36783806e-03 -3.51117002e+00 4.36699891e+00 1.03917916e-03 -3.51080206e+00 2.65766157e-02 3.28658908e-04 -3.67952591e-04
540              4.39356795e+00 1.36751147e-03 -3.51118541e+00 4.36699716e+00 1.03926507e-03 -3.51081578e+00 2.65707902e-02 3.28246408e-04 -3.69626663e-04
541              4.39356258e+00 1.36751981e-03 -3.51119096e+00 4.36699583e+00 1.03888239e-03 -3.51082155e+00 2.65667481e-02 3.28637414e-04 -3.69405632e-04
542              4.39356276e+00 1.36652040e-03 -3.51119110e+00 4.36699583e+00 1.03888239e-03 -3.51082155e+00 2.65669248e-02 3.27638005e-04 -3.69546854e-04
543              4.39357215e+00 1.36726040e-03 -3.51118962e+00 4.36699583e+00 1.03888239e-03 -3.51082155e+00 2.65763200e-02 3.28378009e-04 -3.68066254e-04
544              4.39357156e+00 1.36717722e-03 -3.51115679e+00 4.36699832e+00 1.03874793e-03 -3.51078792e+00 2.65732444e-02 3.28429291e-04 -3.68869542e-04
545              4.39356993e+00 1.36725596e-03 -3.51109958e+00 4.36699816e+00 1.03847920e-03 -3.51073085e+00 2.65717687e-02 3.28776755e-04 -3.68729082e-04
546              4.39356555e+00 1.36732783e-03 -3.51109911e+00 4.36699816e+00 1.03847920e-03 -3.51073085e+00 2.65673930e-02 3.28848634e-04 -3.68255000e-04
547              4.39357336e+00 1.36766611e-03 -3.51109945e+00 4.36699816e+00 1.03847920e-03 -3.51073085e+00 2.65752065e-02 3.29186907e-04 -3.68601233e-04
548              4.39357833e+00 1.36646690e-03 -3.51106667e+00 4.36700118e+00 1.03810702e-03 -3.51069854e+00 2.65771592e-02 3.28359884e-04 -3.68127371e-04
549              4.39357847e+00 1.36599148e-03 -3.51100050e+00 4.36700036e+00 1.03811900e-03 -3.51063359e+00 2.65781132e-02 3.27872483e-04 -3.66909065e-04
550              4.39357247e+00 1.36624723e-03 -3.51096337e+00 4.36699749e+00 1.03815434e-03 -3.51059590e+00 2.65749840e-02 3.28092891e-04 -3.67472353e-04
551              4.39356655e+00 1.36655715e-03 -3.51096429e+00 4.36699749e+00 1.03815434e-03 -3.51059590e+00 2.65690655e-02 3.28402815e-04 -3.68393830e-04
552              4.39356852e+00 1.36668417e-03 -3.51096370e+00 4.36699749e+00 1.03815434e-03 -3.51059590e+00 2.65710355e-02 3.28529832e-04 -3.67803671e-04
553              4.39356892e+00 1.36696087e-03 -3.51095284e+00 4.36699553e+00 1.03804541e-03 -3.51058572e+00 2.65733899e-02 3.28915458e-04 -3.67126131e-04
554              4.39356239e+00 1.36662587e-03 -3.51097199e+00 4.36699450e+00 1.03775543e-03 -3.51060370e+00 2.65678899e-02 3.28870435e-04 -3.68283480e-04
555              4.39356615e+00 1.36531781e-03 -3.51097821e+00 4.36699474e+00 1.03698737e-03 -3.51060995e+00 2.65714038e-02 3.28330437e-04 -3.68262198e-04
556              4.39355817e+00 1.36419968e-03 -3.51097902e+00 4.36699474e+00 1.03698737e-03 -3.51060995e+00 2.65634316e-02 3.27212307e-04 -3.69070155e-04
557              4.39356728e+00 1.36516526e-03 -3.51097779e+00 4.36699474e+00 1.03698737e-03 -3.51060995e+00 2.65725381e-02 3.28177889e-04 -3.67844158e-04
558              4.39356429e+00 1.36422198e-03 -3.51100944e+00 4.36699540e+00 1.03677342e-03 -3.51064099e+00 2.65688911e-02 3.27448558e-04 -3.68455882e-04
559              4.39356920e+00 1.36457770e-03 -3.51100945e+00 4.36699578e+00 1.03640634e-03 -3.51064128e+00 2.65734244e-02 3.28171362e-04 -3.68173687e-04
560              4.39356399e+00 1.36434227e-03 -3.51100987e+00 4.36699578e+00 1.03640634e-03 -3.51064128e+00 2.65682086e-02 3.27935934e-04 -3.68593542e-04
561              4.39356320e+00 1.36596408e-03 -3.51100989e+00 4.36699578e+00 1.03640634e-03 -3.51064128e+00 2.65674216e-02 3.29557743e-04 -3.68605311e-04
562              4.39356072e+00 1.36476588e-03 -3.51106443e+00 4.36699604e+00 1.03612080e-03 -3.51069510e+00 2.65646769e-02 3.28645080e-04 -3.69333531e-04
563              4.39356985e+00 1.36406973e-03 -3.51106276e+00 4.36699604e+00 1.03612080e-03 -3.51069510e+00 2.65738010e-02 3.27948933e-04 -3.67660135e-04
564              4.39356536e+00 1.36361298e-03 -3.51104895e+00 4.36699981e+00 1.03610858e-03 -3.51068009e+00 2.65655498e-02 3.27504405e-04 -3.68858784e-04
565              4.39357159e+00 1.36507018e-03 -3.51104400e+00 4.36700108e+00 1.03697855e-03 -3.51067592e+00 2.65705091e-02 3.28091629e-04 -3.68076174e-04
566              4.39356202e+00 1.36523564e-03 -3.51104537e+00 4.36700108e+00 1.03697855e-03 -3.51067592e+00 2.65609361e-02 3.28257089e-04 -3.69444916e-04
567              4.39356948e+00 1.36483669e-03 -3.51104485e+00 4.36699798e+00 1.03671740e-03 -3.51067644e+00 2.65714947e-02 3.28119295e-04 -3.68409693e-04
568              4.39356459e+00 1.36481887e-03 -3.51104564e+00 4.36699619e+00 1.03661178e-03 -3.51067721e+00 2.65683944e-02 3.28207090e-04 -3.68428627e-04
569              4.39356617e+00 1.36565729e-03 -3.51104640e+00 4.36699619e+00 1.03661178e-03 -3.51067721e+00 2.65699786e-02 3.29045513e-04 -3.69189840e-04
570              4.39356091e+00 1.36462783e-03 -3.51104631e+00 4.36699619e+00 1.03661178e-03 -3.51067721e+00 2.65647196e-02 3.28016046e-04 -3.69101674e-04
571              4.39355154e+00 1.36487213e-03 -3.51103556e+00 4.36699049e+00 1.03710560e-03 -3.51066633e+00 2.65610484e-02 3.27766530e-04 -3.69231666e-04
572              4.39355249e+00 1.36493110e-03 -3.51109364e+00 4.36698871e+00 1.03713314e-03 -3.51072493e+00 2.65637793e-02 3.27797963e-04 -3.68708931e-04
573              4.39356133e+00 1.36448721e-03 -3.51112662e+00 4.36699059e+00 1.03691506e-03 -3.51075925e+00 2.65707432e-02 3.27572154e-04 -3.67369339e-04
574              4.39355538e+00 1.36440833e-03 -3.51112821e+00 4.36699059e+00 1.03691506e-03 -3.51075925e+00 2.65647888e-02 3.27493275e-04 -3.68953583e-04
575              4.39356052e+00 1.36442419e-03 -3.51112805e+00 4.36699059e+00 1.03691506e-03 -3.51075925e+00 2.65699297e-02 3.27509135e-04 -3.68796823e-04
576              4.39356041e+00 1.36474394e-03 -3.51112090e+00 4.36699444e+00 1.03701842e-03 -3.51075158e+00 2.65659747e-02 3.27725517e-04 -3.69317290e-04
577              4.39356818e+00 1.36521532e-03 -3.51112023e+00 4.36699444e+00 1.03701842e-03 -3.51075158e+00 2.65737431e-02 3.28196897e-04 -3.68647994e-04
578              4.39356688e+00 1.36422956e-03 -3.51112018e+00 4.36699444e+00 1.03701842e-03 -3.51075158e+00 2.65724387e-02 3.27211141e-04 -3.68593373e-04
579              4.39356974e+00 1.36687954e-03 -3.51111640e+00 4.36699544e+00 1.03982411e-03 -3.51074748e+00 2.65743045e-02 3.27055429e-04 -3.68925064e-04
580              4.39356192e+00 1.36728565e-03 -3.51113656e+00 4.36699819e+00 1.04052423e-03 -3.51076650e+00 2.65637324e-02 3.26761419e-04 -3.70061406e-04
581              4.39356073e+00 1.36807130e-03 -3.51113656e+00 4.36699819e+00 1.04052423e-03 -3.51076650e+00 2.65625346e-02 3.27547071e-04 -3.70062577e-04
582              4.39355974e+00 1.36750426e-03 -3.51113070e+00 4.36699658e+00 1.04035429e-03 -3.51076180e+00 2.65631650e-02 3.27149969e-04 -3.68905215e-04
583              4.39356924e+00 1.36936896e-03 -3.51113579e+00 4.36699955e+00 1.04116096e-03 -3.51076794e+00 2.65696876e-02 3.28208000e-04 -3.67852389e-04
584              4.39356711e+00 1.36934493e-03 -3.51113657e+00 4.36699955e+00 1.04116096e-03 -3.51076794e+00 2.65675567e-02 3.28183969e-04 -3.68630725e-04
585              4.39356470e+00 1.36807019e-03 -3.51117093e+00 4.36699691e+00 1.04050241e-03 -3.51080199e+00 2.65677905e-02 3.27567780e-04 -3.68945201e-04
586              4.39356228e+00 1.36752990e-03 -3.51120449e+00 4.36699753e+00 1.04016281e-03 -3.51083531e+00 2.65647468e-02 3.27367091e-04 -3.69175856e-04
587              4.39356337e+00 1.36785156e-03 -3.51120488e+00 4.36699753e+00 1.04016281e-03 -3.51083531e+00 2.65658444e-02 3.27688748e-04 -3.69563537e-04
588              4.39356633e+00 1.36693662e-03 -3.51120414e+00 4.36699753e+00 1.04016281e-03 -3.51083531e+00 2.65687992e-02 3.26773810e-04 -3.68830768e-04
589              4.39356582e+00 1.36638521e-03 -3.51118945e+00 4.36699775e+00 1.03997238e-03 -3.51082098e+00 2.65680763e-02 3.26412829e-04 -3.68478596e-04
590              4.39356291e+00 1.36653463e-03 -3.51123664e+00 4.36699649e+00 1.04013969e-03 -3.51086709e+00 2.65664189e-02 3.26394942e-04 -3.69548463e-04
591              4.39356146e+00 1.36657680e-03 -3.51127252e+00 4.36699646e+00 1.03993086e-03 -3.51090287e+00 2.65650021e-02 3.26645938e-04 -3.69656601e-04
592              4.39355826e+00 1.36660812e-03 -3.51127317e+00 4.36699646e+00 1.03993086e-03 -3.51090287e+00 2.65618023e-02 3.26677257e-04 -3.70303687e-04
593              4.39356995e+00 1.36814129e-03 -3.51127113e+00 4.36699646e+00 1.03993086e-03 -3.51090287e+00 2.65734834e-02 3.28210429e-04 -3.68260117e-04
594              4.39356995e+00 1.36739401e-03 -3.51125150e+00 4.36700055e+00 1.03977006e-03 -3.51088226e+00 2.65693968e-02 3.27623952e-04 -3.69241799e-04
595              4.39357312e+00 1.36709599e-03 -3.51120796e+00 4.36700207e+00 1.03944221e-03 -3.51083924e+00 2.65710455e-02 3.27653784e-04 -3.68725995e-04
596              4.39356871e+00 1.36699722e-03 -3.51120816e+00 4.36700207e+00 1.03944221e-03 -3.51083924e+00 2.65666359e-02 3.27555007e-04 -3.68919511e-04
597              4.39357101e+00 1.36824383e-03 -3.51120848e+00 4.36700207e+00 1.03944221e-03 -3.51083924e+00 2.65689397e-02 3.28801621e-04 -3.69248845e-04
598              4.39357364e+00 1.36664815e-03 -3.51117930e+00 4.36700369e+00 1.03904554e-03 -3.51081004e+00 2.65699513e-02 3.27602604e-04 -3.69263735e-04
599              4.39357381e+00 1.36638940e-03 -3.51117867e+00 4.36700369e+00 1.03904554e-03 -3.51081004e+00 2.65701218e-02 3.27343861e-04 -3.68638443e-04
600              4.39357730e+00 1.36529719e-03 -3.51112581e+00 4.36700360e+00 1.03824622e-03 -3.51075756e+00 2.65737003e-02 3.27050966e-04 -3.68249061e-04
