# Moment        
# CofR          : (0.00000000e+00 0.00000000e+00 0.00000000e+00)
#
# Time          	total_x total_y total_z	pressure_x pressure_y pressure_z	viscous_x viscous_y viscous_z
1                3.82426250e-03 -7.30878295e-01 -9.49809908e-05 3.81444086e-03 -7.29974188e-01 -1.01966550e-04 9.82163447e-06 -9.04106937e-04 6.98555956e-06
2                1.12301423e-02 -7.73173669e-01 9.39984113e-04 1.12223923e-02 -7.72455821e-01 9.00510070e-04 7.75007648e-06 -7.17848276e-04 3.94740436e-05
3                2.04300315e-02 -8.25976622e-01 1.26272479e-03 2.04232600e-02 -8.25266520e-01 1.20340667e-03 6.77143926e-06 -7.10102358e-04 5.93181221e-05
4                3.05579905e-02 -8.22310436e-01 1.47278436e-03 3.05565842e-02 -8.21625029e-01 1.40363138e-03 1.40629678e-06 -6.85406556e-04 6.91529755e-05
5                4.16242496e-02 -7.94433071e-01 1.64417617e-03 4.16227327e-02 -7.93792856e-01 1.62525610e-03 1.51689409e-06 -6.40215462e-04 1.89200724e-05
6                5.27892830e-02 -7.57463182e-01 1.79297521e-03 5.27872241e-02 -7.56842052e-01 1.81149753e-03 2.05891555e-06 -6.21129726e-04 -1.85223155e-05
7                6.38671607e-02 -7.18811018e-01 1.97653330e-03 6.38641513e-02 -7.18175552e-01 2.02994660e-03 3.00942937e-06 -6.35466195e-04 -5.34132991e-05
8                7.42740793e-02 -6.88688721e-01 2.31247089e-03 7.42706031e-02 -6.88012801e-01 2.38255471e-03 3.47618257e-06 -6.75919633e-04 -7.00838163e-05
9                8.15277111e-02 -6.86063172e-01 2.91750184e-03 8.15275579e-02 -6.85293273e-01 2.98453851e-03 1.53151631e-07 -7.69898294e-04 -6.70366697e-05
10               8.72396923e-02 -7.09576122e-01 3.35592670e-03 8.72242773e-02 -7.08727543e-01 3.38552154e-03 1.54150080e-05 -8.48579620e-04 -2.95948391e-05
11               9.26985976e-02 -7.03947264e-01 3.64367816e-03 9.27139268e-02 -7.03149221e-01 3.72341773e-03 -1.53291806e-05 -7.98043067e-04 -7.97395711e-05
12               9.50663937e-02 -7.29253903e-01 4.13379753e-03 9.50804007e-02 -7.27919292e-01 4.21189013e-03 -1.40070775e-05 -1.33461093e-03 -7.80926007e-05
13               9.72811839e-02 -7.32886952e-01 4.40172224e-03 9.72833194e-02 -7.31183165e-01 4.50467110e-03 -2.13544858e-06 -1.70378704e-03 -1.02948862e-04
14               1.00291512e-01 -7.16054977e-01 4.52453776e-03 1.00284655e-01 -7.14285089e-01 4.64161303e-03 6.85631455e-06 -1.76988804e-03 -1.17075262e-04
15               1.01700157e-01 -6.67867113e-01 4.85970077e-03 1.01694528e-01 -6.66131389e-01 4.98288383e-03 5.62926949e-06 -1.73572409e-03 -1.23183054e-04
16               1.02732229e-01 -5.92908099e-01 5.00877204e-03 1.02741915e-01 -5.91310272e-01 5.12177776e-03 -9.68627364e-06 -1.59782684e-03 -1.13005723e-04
17               1.04207081e-01 -4.95253123e-01 5.13989928e-03 1.04208348e-01 -4.93800187e-01 5.23600775e-03 -1.26639859e-06 -1.45293600e-03 -9.61084702e-05
18               1.04794795e-01 -3.88358112e-01 5.26074109e-03 1.04807930e-01 -3.87015143e-01 5.35564437e-03 -1.31345398e-05 -1.34296903e-03 -9.49032792e-05
19               1.06346406e-01 -2.73134338e-01 5.23933117e-03 1.06357579e-01 -2.71939820e-01 5.34396606e-03 -1.11721257e-05 -1.19451873e-03 -1.04634889e-04
20               1.07959760e-01 -1.54153457e-01 5.25484566e-03 1.07970978e-01 -1.53137027e-01 5.36925235e-03 -1.12187481e-05 -1.01643009e-03 -1.14406690e-04
21               1.10280009e-01 -3.91337866e-02 5.27380272e-03 1.10280345e-01 -3.82848019e-02 5.41238432e-03 -3.35404052e-07 -8.48984733e-04 -1.38581600e-04
22               1.12783516e-01 7.56732051e-02 5.37179945e-03 1.12779148e-01 7.63479233e-02 5.52878016e-03 4.36753042e-06 -6.74718220e-04 -1.56980711e-04
23               1.15056278e-01 1.79788242e-01 5.55838208e-03 1.15054049e-01 1.80321725e-01 5.72296763e-03 2.22877831e-06 -5.33483023e-04 -1.64585544e-04
24               1.16645422e-01 2.66461295e-01 5.78057706e-03 1.16644833e-01 2.66912943e-01 5.94296469e-03 5.88192555e-07 -4.51648414e-04 -1.62387634e-04
25               1.17682163e-01 3.30742983e-01 5.96810419e-03 1.17681690e-01 3.31161632e-01 6.13160885e-03 4.72393940e-07 -4.18649666e-04 -1.63504658e-04
26               1.18186308e-01 3.70847816e-01 6.13422671e-03 1.18186478e-01 3.71258709e-01 6.29686337e-03 -1.69928060e-07 -4.10892515e-04 -1.62636663e-04
27               1.18448594e-01 3.87619069e-01 6.27250371e-03 1.18446548e-01 3.88027496e-01 6.44214001e-03 2.04533376e-06 -4.08426917e-04 -1.69636300e-04
28               1.18458273e-01 3.85138402e-01 6.41597679e-03 1.18457478e-01 3.85547734e-01 6.58303762e-03 7.94492827e-07 -4.09331648e-04 -1.67060835e-04
29               1.18528583e-01 3.67790022e-01 6.52858599e-03 1.18526547e-01 3.68215690e-01 6.70093201e-03 2.03537347e-06 -4.25667978e-04 -1.72346014e-04
30               1.18826730e-01 3.40314786e-01 6.62132428e-03 1.18826517e-01 3.40763572e-01 6.79223342e-03 2.13191471e-07 -4.48785152e-04 -1.70909139e-04
31               1.19405450e-01 3.06545326e-01 6.70219793e-03 1.19406426e-01 3.07023553e-01 6.87391175e-03 -9.76336865e-07 -4.78226518e-04 -1.71713822e-04
32               1.20001565e-01 2.72043246e-01 6.74493633e-03 1.20005477e-01 2.72524182e-01 6.90919750e-03 -3.91157761e-06 -4.80935594e-04 -1.64261165e-04
33               1.20706126e-01 2.38694343e-01 6.74101695e-03 1.20712099e-01 2.39164823e-01 6.90583578e-03 -5.97227240e-06 -4.70480498e-04 -1.64818831e-04
34               1.21446800e-01 2.08624082e-01 6.73178314e-03 1.21457108e-01 2.09078037e-01 6.89674521e-03 -1.03077268e-05 -4.53954195e-04 -1.64962073e-04
35               1.22087942e-01 1.83647112e-01 6.74704887e-03 1.22104106e-01 1.84086375e-01 6.90663335e-03 -1.61638388e-05 -4.39263349e-04 -1.59584477e-04
36               1.22436982e-01 1.65201732e-01 6.78299503e-03 1.22458281e-01 1.65620437e-01 6.92201891e-03 -2.12990552e-05 -4.18704911e-04 -1.39023876e-04
37               1.22756055e-01 1.52737320e-01 6.80732904e-03 1.22778752e-01 1.53132365e-01 6.92603223e-03 -2.26968506e-05 -3.95045433e-04 -1.18703192e-04
38               1.23131281e-01 1.47242955e-01 6.80104365e-03 1.23152243e-01 1.47612472e-01 6.90139479e-03 -2.09624485e-05 -3.69516690e-04 -1.00351145e-04
39               1.23594364e-01 1.47562309e-01 6.76737901e-03 1.23610491e-01 1.47900157e-01 6.85208334e-03 -1.61276695e-05 -3.37847754e-04 -8.47043301e-05
40               1.24071265e-01 1.54214559e-01 6.73344757e-03 1.24081792e-01 1.54514471e-01 6.80725124e-03 -1.05272015e-05 -2.99911621e-04 -7.38036748e-05
41               1.24400507e-01 1.65473544e-01 6.70132944e-03 1.24407047e-01 1.65738028e-01 6.76673104e-03 -6.54020048e-06 -2.64484291e-04 -6.54016026e-05
42               1.24633381e-01 1.81347777e-01 6.67927056e-03 1.24638651e-01 1.81582336e-01 6.73609933e-03 -5.26986830e-06 -2.34559439e-04 -5.68287771e-05
43               1.24608667e-01 1.99168358e-01 6.65281189e-03 1.24613654e-01 1.99378667e-01 6.70314251e-03 -4.98674044e-06 -2.10308912e-04 -5.03306261e-05
44               1.24512025e-01 2.18074012e-01 6.60443662e-03 1.24518121e-01 2.18261998e-01 6.64802470e-03 -6.09579713e-06 -1.87985943e-04 -4.35880738e-05
45               1.24423715e-01 2.36370441e-01 6.54531279e-03 1.24431550e-01 2.36540440e-01 6.57826424e-03 -7.83456989e-06 -1.69998277e-04 -3.29514552e-05
46               1.24331106e-01 2.51663869e-01 6.48293125e-03 1.24340684e-01 2.51822954e-01 6.50547020e-03 -9.57762013e-06 -1.59084995e-04 -2.25389479e-05
47               1.24256979e-01 2.64785878e-01 6.42490913e-03 1.24267140e-01 2.64941883e-01 6.43696841e-03 -1.01602563e-05 -1.56005207e-04 -1.20592824e-05
48               1.24104006e-01 2.74677243e-01 6.37890885e-03 1.24114292e-01 2.74836667e-01 6.38101698e-03 -1.02860230e-05 -1.59423743e-04 -2.10813107e-06
49               1.23818054e-01 2.81111272e-01 6.34355567e-03 1.23827054e-01 2.81278830e-01 6.33943028e-03 -9.00022698e-06 -1.67558012e-04 4.12539036e-06
50               1.23334949e-01 2.84169996e-01 6.33136037e-03 1.23342942e-01 2.84348635e-01 6.32333179e-03 -7.99330233e-06 -1.78639140e-04 8.02858354e-06
51               1.22667867e-01 2.85092654e-01 6.33050670e-03 1.22675304e-01 2.85282482e-01 6.32031730e-03 -7.43643442e-06 -1.89828827e-04 1.01893982e-05
52               1.21878502e-01 2.84020412e-01 6.33292950e-03 1.21886148e-01 2.84220970e-01 6.32241955e-03 -7.64581017e-06 -2.00557492e-04 1.05099504e-05
53               1.21026904e-01 2.81444248e-01 6.33963037e-03 1.21034775e-01 2.81653477e-01 6.33043354e-03 -7.87073583e-06 -2.09228864e-04 9.19683108e-06
54               1.20171001e-01 2.77778584e-01 6.35731750e-03 1.20180320e-01 2.77994111e-01 6.34838556e-03 -9.31840490e-06 -2.15526658e-04 8.93193750e-06
55               1.19420887e-01 2.73360094e-01 6.38496011e-03 1.19431851e-01 2.73579771e-01 6.37663878e-03 -1.09641562e-05 -2.19677432e-04 8.32133041e-06
56               1.18807841e-01 2.68433221e-01 6.42593749e-03 1.18819655e-01 2.68655638e-01 6.41930807e-03 -1.18137346e-05 -2.22417130e-04 6.62942355e-06
57               1.18366772e-01 2.63286617e-01 6.47564365e-03 1.18378960e-01 2.63510354e-01 6.47075724e-03 -1.21882216e-05 -2.23736408e-04 4.88641633e-06
58               1.18033445e-01 2.57907256e-01 6.52520674e-03 1.18046084e-01 2.58131545e-01 6.52194519e-03 -1.26388917e-05 -2.24288225e-04 3.26155505e-06
59               1.17932949e-01 2.53226220e-01 6.57314003e-03 1.17945996e-01 2.53448510e-01 6.56997469e-03 -1.30471160e-05 -2.22290028e-04 3.16534033e-06
60               1.18005171e-01 2.49265494e-01 6.61778261e-03 1.18019096e-01 2.49485219e-01 6.61186194e-03 -1.39256272e-05 -2.19725758e-04 5.92066751e-06
61               1.18252963e-01 2.46546385e-01 6.64942199e-03 1.18267065e-01 2.46762688e-01 6.64480040e-03 -1.41012629e-05 -2.16303066e-04 4.62159658e-06
62               1.18608703e-01 2.44899553e-01 6.67333565e-03 1.18623154e-01 2.45112231e-01 6.66947586e-03 -1.44507179e-05 -2.12677768e-04 3.85979442e-06
63               1.19055923e-01 2.44530807e-01 6.68943478e-03 1.19070574e-01 2.44737441e-01 6.68756142e-03 -1.46515220e-05 -2.06633904e-04 1.87336647e-06
64               1.19588892e-01 2.45340701e-01 6.70400213e-03 1.19603341e-01 2.45540413e-01 6.70141777e-03 -1.44491441e-05 -1.99711726e-04 2.58436364e-06
65               1.20132124e-01 2.47105666e-01 6.71981038e-03 1.20146274e-01 2.47297482e-01 6.71485509e-03 -1.41504432e-05 -1.91816313e-04 4.95529483e-06
66               1.20663197e-01 2.49507463e-01 6.73034678e-03 1.20676847e-01 2.49692914e-01 6.72367755e-03 -1.36503052e-05 -1.85450852e-04 6.66923095e-06
67               1.21146088e-01 2.52217408e-01 6.73261838e-03 1.21159007e-01 2.52398398e-01 6.72575008e-03 -1.29198027e-05 -1.80990212e-04 6.86830140e-06
68               1.21585012e-01 2.54900837e-01 6.72832702e-03 1.21597423e-01 2.55079524e-01 6.71937864e-03 -1.24111156e-05 -1.78686805e-04 8.94838043e-06
69               1.21956900e-01 2.57281591e-01 6.71540100e-03 1.21968809e-01 2.57459223e-01 6.70618719e-03 -1.19093077e-05 -1.77631716e-04 9.21381490e-06
70               1.22252103e-01 2.59133292e-01 6.70046300e-03 1.22263590e-01 2.59311498e-01 6.68842384e-03 -1.14860806e-05 -1.78206323e-04 1.20391612e-05
71               1.22440756e-01 2.60314012e-01 6.67874937e-03 1.22451777e-01 2.60493156e-01 6.66793245e-03 -1.10204968e-05 -1.79144191e-04 1.08169207e-05
72               1.22541260e-01 2.60811249e-01 6.65800832e-03 1.22552096e-01 2.60992013e-01 6.64571956e-03 -1.08357738e-05 -1.80764028e-04 1.22887583e-05
73               1.22543280e-01 2.60734188e-01 6.63835765e-03 1.22554516e-01 2.60915514e-01 6.62584500e-03 -1.12351488e-05 -1.81325867e-04 1.25126462e-05
74               1.22471085e-01 2.60139262e-01 6.62063271e-03 1.22482361e-01 2.60322203e-01 6.60774570e-03 -1.12759789e-05 -1.82940666e-04 1.28870133e-05
75               1.22304941e-01 2.59267528e-01 6.60598419e-03 1.22316815e-01 2.59452268e-01 6.59299069e-03 -1.18735984e-05 -1.84740339e-04 1.29935042e-05
76               1.22066108e-01 2.58252434e-01 6.59425671e-03 1.22078264e-01 2.58439153e-01 6.58151392e-03 -1.21562222e-05 -1.86719421e-04 1.27427846e-05
77               1.21772591e-01 2.57278958e-01 6.58553068e-03 1.21785281e-01 2.57467090e-01 6.57285235e-03 -1.26903591e-05 -1.88132357e-04 1.26783268e-05
78               1.21466036e-01 2.56441766e-01 6.58034170e-03 1.21479373e-01 2.56630857e-01 6.56739752e-03 -1.33372652e-05 -1.89090840e-04 1.29441792e-05
79               1.21115364e-01 2.55802109e-01 6.58201056e-03 1.21129050e-01 2.55991814e-01 6.56858440e-03 -1.36861011e-05 -1.89705107e-04 1.34261534e-05
80               1.20780303e-01 2.55418524e-01 6.58853730e-03 1.20794703e-01 2.55608791e-01 6.57169790e-03 -1.43993719e-05 -1.90266719e-04 1.68394083e-05
81               1.20465240e-01 2.55259170e-01 6.58917416e-03 1.20479025e-01 2.55449271e-01 6.57744731e-03 -1.37849655e-05 -1.90100540e-04 1.17268424e-05
82               1.20209163e-01 2.55281103e-01 6.59651837e-03 1.20223024e-01 2.55471299e-01 6.58435933e-03 -1.38613260e-05 -1.90195683e-04 1.21590394e-05
83               1.19996911e-01 2.55458106e-01 6.60366602e-03 1.20010924e-01 2.55648888e-01 6.59221099e-03 -1.40128957e-05 -1.90781646e-04 1.14550310e-05
84               1.19838789e-01 2.55785007e-01 6.61309892e-03 1.19852581e-01 2.55976410e-01 6.59954649e-03 -1.37924400e-05 -1.91402951e-04 1.35524335e-05
85               1.19723026e-01 2.56240764e-01 6.61715719e-03 1.19736943e-01 2.56432331e-01 6.60384450e-03 -1.39167033e-05 -1.91566934e-04 1.33126928e-05
86               1.19661846e-01 2.56812900e-01 6.61703508e-03 1.19675278e-01 2.57003921e-01 6.60451431e-03 -1.34326162e-05 -1.91021053e-04 1.25207744e-05
87               1.19639567e-01 2.57479456e-01 6.61315879e-03 1.19652812e-01 2.57669253e-01 6.60180600e-03 -1.32449975e-05 -1.89797250e-04 1.13527910e-05
88               1.19666875e-01 2.58226310e-01 6.60945041e-03 1.19680118e-01 2.58414667e-01 6.59680760e-03 -1.32431762e-05 -1.88357222e-04 1.26428049e-05
89               1.19721942e-01 2.59044824e-01 6.60224040e-03 1.19734926e-01 2.59231692e-01 6.59128854e-03 -1.29845756e-05 -1.86868356e-04 1.09518596e-05
90               1.19790156e-01 2.59895351e-01 6.60074769e-03 1.19803366e-01 2.60081089e-01 6.58608366e-03 -1.32099587e-05 -1.85737396e-04 1.46640332e-05
91               1.19856111e-01 2.60754562e-01 6.59269230e-03 1.19868750e-01 2.60939498e-01 6.58023730e-03 -1.26393084e-05 -1.84935885e-04 1.24550028e-05
92               1.19904189e-01 2.61408293e-01 6.58818785e-03 1.19916677e-01 2.61592618e-01 6.57372751e-03 -1.24879909e-05 -1.84325434e-04 1.44603359e-05
93               1.19944541e-01 2.62056775e-01 6.57841717e-03 1.19956739e-01 2.62240927e-01 6.56687111e-03 -1.21985730e-05 -1.84152657e-04 1.15460550e-05
94               1.19984413e-01 2.62569394e-01 6.57437493e-03 1.19996765e-01 2.62753669e-01 6.56059765e-03 -1.23521390e-05 -1.84275352e-04 1.37772755e-05
95               1.20005937e-01 2.62936675e-01 6.57096610e-03 1.20018302e-01 2.63121491e-01 6.55636595e-03 -1.23652590e-05 -1.84815459e-04 1.46001514e-05
96               1.20010309e-01 2.63168753e-01 6.56895916e-03 1.20022347e-01 2.63354445e-01 6.55372510e-03 -1.20378642e-05 -1.85692104e-04 1.52340580e-05
97               1.20003014e-01 2.63280340e-01 6.56304235e-03 1.20014410e-01 2.63466826e-01 6.55200667e-03 -1.13960855e-05 -1.86485955e-04 1.10356788e-05
98               1.19995291e-01 2.63281657e-01 6.56464531e-03 1.20007168e-01 2.63468381e-01 6.55090291e-03 -1.18769092e-05 -1.86723696e-04 1.37424012e-05
99               1.19985078e-01 2.63200779e-01 6.56485165e-03 1.19996878e-01 2.63388157e-01 6.55124790e-03 -1.17992525e-05 -1.87377702e-04 1.36037464e-05
100              1.19970305e-01 2.63071555e-01 6.56966954e-03 1.19982436e-01 2.63259313e-01 6.55273693e-03 -1.21314433e-05 -1.87757733e-04 1.69326120e-05
101              1.19952029e-01 2.62916592e-01 6.56971817e-03 1.19964060e-01 2.63105065e-01 6.55475183e-03 -1.20316352e-05 -1.88473079e-04 1.49663388e-05
102              1.19931434e-01 2.62759426e-01 6.57245507e-03 1.19943402e-01 2.62947701e-01 6.55695185e-03 -1.19680991e-05 -1.88275263e-04 1.55032183e-05
103              1.19914556e-01 2.62614113e-01 6.57312772e-03 1.19926579e-01 2.62802590e-01 6.55901973e-03 -1.20226900e-05 -1.88477417e-04 1.41079905e-05
104              1.19907961e-01 2.62497934e-01 6.57700001e-03 1.19920137e-01 2.62685967e-01 6.56150591e-03 -1.21762434e-05 -1.88032801e-04 1.54941060e-05
105              1.19897243e-01 2.62406613e-01 6.57973933e-03 1.19909514e-01 2.62594541e-01 6.56505662e-03 -1.22713713e-05 -1.87927803e-04 1.46827103e-05
106              1.19894553e-01 2.62345420e-01 6.58274527e-03 1.19906783e-01 2.62533220e-01 6.56815555e-03 -1.22298809e-05 -1.87800097e-04 1.45897229e-05
107              1.19893236e-01 2.62301968e-01 6.58284549e-03 1.19905145e-01 2.62489849e-01 6.57131629e-03 -1.19084509e-05 -1.87881254e-04 1.15291957e-05
108              1.19905477e-01 2.62275147e-01 6.58713283e-03 1.19917816e-01 2.62462832e-01 6.57353530e-03 -1.23386249e-05 -1.87684384e-04 1.35975327e-05
109              1.19927155e-01 2.62260242e-01 6.58871551e-03 1.19939418e-01 2.62448199e-01 6.57591507e-03 -1.22629366e-05 -1.87956777e-04 1.28004389e-05
110              1.19954148e-01 2.62253183e-01 6.59403363e-03 1.19966732e-01 2.62441186e-01 6.57811157e-03 -1.25839311e-05 -1.88003337e-04 1.59220582e-05
111              1.19981470e-01 2.62249482e-01 6.59390702e-03 1.19993703e-01 2.62437763e-01 6.58033031e-03 -1.22332717e-05 -1.88280702e-04 1.35767091e-05
112              1.20006135e-01 2.62251531e-01 6.59628148e-03 1.20018135e-01 2.62439526e-01 6.58205766e-03 -1.19994702e-05 -1.87995205e-04 1.42238206e-05
113              1.20032161e-01 2.62246572e-01 6.59489067e-03 1.20044065e-01 2.62435024e-01 6.58276118e-03 -1.19042969e-05 -1.88452512e-04 1.21294900e-05
114              1.20065938e-01 2.62240786e-01 6.59495127e-03 1.20077760e-01 2.62428948e-01 6.58257332e-03 -1.18213322e-05 -1.88162554e-04 1.23779426e-05
115              1.20094955e-01 2.62230321e-01 6.59567165e-03 1.20107003e-01 2.62418746e-01 6.58255847e-03 -1.20476656e-05 -1.88424986e-04 1.31131769e-05
116              1.20131389e-01 2.62226774e-01 6.59537072e-03 1.20143362e-01 2.62415167e-01 6.58180157e-03 -1.19728613e-05 -1.88393331e-04 1.35691540e-05
117              1.20164516e-01 2.62219603e-01 6.59197796e-03 1.20176143e-01 2.62408063e-01 6.58148309e-03 -1.16268743e-05 -1.88459952e-04 1.04948753e-05
118              1.20208879e-01 2.62212525e-01 6.59355100e-03 1.20221078e-01 2.62400786e-01 6.58054685e-03 -1.21991130e-05 -1.88260255e-04 1.30041518e-05
119              1.20237843e-01 2.62206765e-01 6.59168738e-03 1.20249663e-01 2.62394836e-01 6.58046151e-03 -1.18207023e-05 -1.88071134e-04 1.12258711e-05
120              1.20265223e-01 2.62198079e-01 6.59497761e-03 1.20277530e-01 2.62386208e-01 6.58056330e-03 -1.23071537e-05 -1.88129341e-04 1.44143083e-05
121              1.20287045e-01 2.62185743e-01 6.59453005e-03 1.20299157e-01 2.62373947e-01 6.58153978e-03 -1.21118006e-05 -1.88203628e-04 1.29902704e-05
122              1.20301398e-01 2.62171374e-01 6.59538595e-03 1.20313369e-01 2.62359342e-01 6.58219651e-03 -1.19712290e-05 -1.87968816e-04 1.31894422e-05
123              1.20314451e-01 2.62152711e-01 6.59467293e-03 1.20326400e-01 2.62340940e-01 6.58289590e-03 -1.19491111e-05 -1.88228737e-04 1.17770314e-05
124              1.20328729e-01 2.62135864e-01 6.59642640e-03 1.20340763e-01 2.62323747e-01 6.58350135e-03 -1.20342899e-05 -1.87883297e-04 1.29250524e-05
125              1.20342099e-01 2.62119424e-01 6.59760203e-03 1.20354320e-01 2.62307626e-01 6.58404464e-03 -1.22204187e-05 -1.88201791e-04 1.35573880e-05
126              1.20356293e-01 2.62105411e-01 6.59741701e-03 1.20368430e-01 2.62293551e-01 6.58420627e-03 -1.21365675e-05 -1.88140553e-04 1.32107324e-05
127              1.20362317e-01 2.62091121e-01 6.59628911e-03 1.20374081e-01 2.62279199e-01 6.58453173e-03 -1.17641442e-05 -1.88078383e-04 1.17573721e-05
128              1.20369241e-01 2.62075487e-01 6.59823740e-03 1.20381537e-01 2.62263552e-01 6.58435392e-03 -1.22967543e-05 -1.88064967e-04 1.38834878e-05
129              1.20371995e-01 2.62059879e-01 6.59694544e-03 1.20383947e-01 2.62247874e-01 6.58498049e-03 -1.19526955e-05 -1.87994339e-04 1.19649472e-05
130              1.20373071e-01 2.62046805e-01 6.60007448e-03 1.20385532e-01 2.62234791e-01 6.58516360e-03 -1.24609723e-05 -1.87985604e-04 1.49108821e-05
131              1.20372243e-01 2.62034159e-01 6.59898592e-03 1.20384286e-01 2.62222065e-01 6.58603601e-03 -1.20423568e-05 -1.87906308e-04 1.29499058e-05
132              1.20368880e-01 2.62027515e-01 6.60040140e-03 1.20380963e-01 2.62215527e-01 6.58648261e-03 -1.20832184e-05 -1.88011809e-04 1.39187865e-05
133              1.20364641e-01 2.62019943e-01 6.60101504e-03 1.20376824e-01 2.62207979e-01 6.58725087e-03 -1.21828176e-05 -1.88036220e-04 1.37641763e-05
134              1.20359751e-01 2.62016154e-01 6.60132363e-03 1.20371792e-01 2.62204034e-01 6.58760832e-03 -1.20404697e-05 -1.87879302e-04 1.37153179e-05
135              1.20349180e-01 2.62010992e-01 6.60184441e-03 1.20361265e-01 2.62199154e-01 6.58800616e-03 -1.20848355e-05 -1.88161755e-04 1.38382547e-05
136              1.20339823e-01 2.62011573e-01 6.60304466e-03 1.20352141e-01 2.62199521e-01 6.58819158e-03 -1.23188171e-05 -1.87947482e-04 1.48530813e-05
137              1.20323462e-01 2.62012240e-01 6.60219105e-03 1.20335371e-01 2.62200199e-01 6.58883944e-03 -1.19090914e-05 -1.87958851e-04 1.33516066e-05
138              1.20311568e-01 2.62014837e-01 6.60328883e-03 1.20323975e-01 2.62202721e-01 6.58872138e-03 -1.24069285e-05 -1.87884366e-04 1.45674420e-05
139              1.20297825e-01 2.62016114e-01 6.60317284e-03 1.20309983e-01 2.62204071e-01 6.58918971e-03 -1.21573192e-05 -1.87956279e-04 1.39831254e-05
140              1.20285869e-01 2.62022020e-01 6.60410098e-03 1.20298255e-01 2.62209895e-01 6.58882053e-03 -1.23861618e-05 -1.87874228e-04 1.52804484e-05
141              1.20271360e-01 2.62029020e-01 6.60241976e-03 1.20283579e-01 2.62217015e-01 6.58846235e-03 -1.22196202e-05 -1.87995030e-04 1.39574194e-05
142              1.20262456e-01 2.62041633e-01 6.60051499e-03 1.20274559e-01 2.62229543e-01 6.58717948e-03 -1.21031863e-05 -1.87910153e-04 1.33355111e-05
143              1.20253088e-01 2.62049516e-01 6.59924264e-03 1.20265303e-01 2.62237377e-01 6.58619718e-03 -1.22156653e-05 -1.87860838e-04 1.30454537e-05
144              1.20246195e-01 2.62060149e-01 6.59898540e-03 1.20258319e-01 2.62247736e-01 6.58519751e-03 -1.21245950e-05 -1.87586252e-04 1.37878897e-05
145              1.20233007e-01 2.62066497e-01 6.59820957e-03 1.20245116e-01 2.62254186e-01 6.58484192e-03 -1.21083336e-05 -1.87688951e-04 1.33676508e-05
146              1.20221070e-01 2.62078675e-01 6.59789071e-03 1.20233326e-01 2.62266399e-01 6.58441538e-03 -1.22560821e-05 -1.87724013e-04 1.34753321e-05
147              1.20204972e-01 2.62088041e-01 6.59760370e-03 1.20216978e-01 2.62276016e-01 6.58444267e-03 -1.20057074e-05 -1.87975001e-04 1.31610260e-05
148              1.20194787e-01 2.62098583e-01 6.59846448e-03 1.20207201e-01 2.62286361e-01 6.58402024e-03 -1.24139642e-05 -1.87777615e-04 1.44442391e-05
149              1.20185658e-01 2.62105244e-01 6.59744061e-03 1.20197712e-01 2.62292905e-01 6.58396102e-03 -1.20535021e-05 -1.87660076e-04 1.34795941e-05
150              1.20185154e-01 2.62116252e-01 6.59873653e-03 1.20197621e-01 2.62303932e-01 6.58341780e-03 -1.24665168e-05 -1.87679211e-04 1.53187343e-05
151              1.20181860e-01 2.62122686e-01 6.59737897e-03 1.20193903e-01 2.62310402e-01 6.58345067e-03 -1.20429486e-05 -1.87716472e-04 1.39283003e-05
152              1.20181154e-01 2.62132163e-01 6.59833000e-03 1.20193248e-01 2.62319898e-01 6.58281408e-03 -1.20939413e-05 -1.87734959e-04 1.55159224e-05
153              1.20176744e-01 2.62136149e-01 6.59680885e-03 1.20188788e-01 2.62323836e-01 6.58237695e-03 -1.20434290e-05 -1.87687051e-04 1.44318989e-05
154              1.20174241e-01 2.62147997e-01 6.59669232e-03 1.20186313e-01 2.62335514e-01 6.58165857e-03 -1.20721804e-05 -1.87517186e-04 1.50337420e-05
155              1.20164850e-01 2.62154333e-01 6.59630235e-03 1.20176852e-01 2.62342030e-01 6.58129253e-03 -1.20016992e-05 -1.87696619e-04 1.50098258e-05
156              1.20159399e-01 2.62164105e-01 6.59390841e-03 1.20171259e-01 2.62351951e-01 6.58024632e-03 -1.18598459e-05 -1.87846138e-04 1.36620903e-05
157              1.20152177e-01 2.62170844e-01 6.59355586e-03 1.20164038e-01 2.62358664e-01 6.57945056e-03 -1.18616243e-05 -1.87820102e-04 1.41052930e-05
158              1.20149136e-01 2.62182402e-01 6.59395399e-03 1.20161424e-01 2.62370108e-01 6.57833777e-03 -1.22872306e-05 -1.87706846e-04 1.56162178e-05
159              1.20144334e-01 2.62189392e-01 6.59200669e-03 1.20156097e-01 2.62376961e-01 6.57763730e-03 -1.17626746e-05 -1.87569233e-04 1.43693854e-05
160              1.20141087e-01 2.62198087e-01 6.59239011e-03 1.20153124e-01 2.62385815e-01 6.57692332e-03 -1.20374894e-05 -1.87728724e-04 1.54667912e-05
161              1.20134959e-01 2.62203256e-01 6.59105521e-03 1.20146802e-01 2.62391126e-01 6.57662467e-03 -1.18429808e-05 -1.87870528e-04 1.44305401e-05
162              1.20130925e-01 2.62208758e-01 6.59051121e-03 1.20142826e-01 2.62396455e-01 6.57608741e-03 -1.19003068e-05 -1.87697080e-04 1.44237948e-05
163              1.20121516e-01 2.62210137e-01 6.59077632e-03 1.20133497e-01 2.62397924e-01 6.57594789e-03 -1.19812099e-05 -1.87786648e-04 1.48284309e-05
164              1.20115348e-01 2.62215825e-01 6.59126296e-03 1.20127433e-01 2.62403511e-01 6.57540009e-03 -1.20845049e-05 -1.87685939e-04 1.58628721e-05
165              1.20106292e-01 2.62217149e-01 6.59127486e-03 1.20118513e-01 2.62404949e-01 6.57518141e-03 -1.22205341e-05 -1.87800336e-04 1.60934441e-05
166              1.20103578e-01 2.62225283e-01 6.59032262e-03 1.20115872e-01 2.62413151e-01 6.57458923e-03 -1.22946150e-05 -1.87867450e-04 1.57333863e-05
167              1.20100374e-01 2.62228265e-01 6.58978991e-03 1.20112376e-01 2.62415993e-01 6.57452381e-03 -1.20020657e-05 -1.87727951e-04 1.52660965e-05
168              1.20102240e-01 2.62234752e-01 6.59186285e-03 1.20114767e-01 2.62422602e-01 6.57427882e-03 -1.25271952e-05 -1.87849903e-04 1.75840309e-05
169              1.20101086e-01 2.62235496e-01 6.59011615e-03 1.20112969e-01 2.62422988e-01 6.57491000e-03 -1.18831817e-05 -1.87491146e-04 1.52061564e-05
170              1.20100431e-01 2.62240798e-01 6.59201390e-03 1.20112790e-01 2.62428405e-01 6.57497267e-03 -1.23588395e-05 -1.87606824e-04 1.70412322e-05
171              1.20096711e-01 2.62242872e-01 6.59064698e-03 1.20108658e-01 2.62430578e-01 6.57542755e-03 -1.19469654e-05 -1.87705750e-04 1.52194330e-05
172              1.20094651e-01 2.62250832e-01 6.59048662e-03 1.20106544e-01 2.62438607e-01 6.57528146e-03 -1.18927075e-05 -1.87775660e-04 1.52051559e-05
173              1.20091640e-01 2.62253985e-01 6.59053893e-03 1.20103715e-01 2.62441733e-01 6.57528970e-03 -1.20752509e-05 -1.87748104e-04 1.52492306e-05
174              1.20092557e-01 2.62263757e-01 6.59030786e-03 1.20104683e-01 2.62451556e-01 6.57483089e-03 -1.21268890e-05 -1.87798481e-04 1.54769727e-05
175              1.20090694e-01 2.62265678e-01 6.59099109e-03 1.20102879e-01 2.62453570e-01 6.57472477e-03 -1.21852508e-05 -1.87892193e-04 1.62663164e-05
176              1.20090558e-01 2.62271712e-01 6.59059715e-03 1.20102840e-01 2.62459707e-01 6.57446121e-03 -1.22815038e-05 -1.87994376e-04 1.61359431e-05
177              1.20086999e-01 2.62272309e-01 6.58919602e-03 1.20098943e-01 2.62460088e-01 6.57470251e-03 -1.19446111e-05 -1.87778585e-04 1.44935069e-05
178              1.20085677e-01 2.62276121e-01 6.58971324e-03 1.20098046e-01 2.62464058e-01 6.57468524e-03 -1.23697954e-05 -1.87937008e-04 1.50279966e-05
179              1.20085499e-01 2.62276461e-01 6.58999587e-03 1.20097591e-01 2.62464368e-01 6.57510247e-03 -1.20922814e-05 -1.87906968e-04 1.48933977e-05
180              1.20087630e-01 2.62277865e-01 6.59153221e-03 1.20100068e-01 2.62465788e-01 6.57520938e-03 -1.24382961e-05 -1.87923181e-04 1.63228331e-05
181              1.20088763e-01 2.62275797e-01 6.58986374e-03 1.20100778e-01 2.62463662e-01 6.57549618e-03 -1.20149941e-05 -1.87865315e-04 1.43675603e-05
182              1.20093481e-01 2.62277993e-01 6.59121645e-03 1.20105732e-01 2.62465720e-01 6.57532904e-03 -1.22502553e-05 -1.87727170e-04 1.58874086e-05
183              1.20094006e-01 2.62276726e-01 6.59120465e-03 1.20106102e-01 2.62464681e-01 6.57551125e-03 -1.20966330e-05 -1.87954279e-04 1.56933976e-05
184              1.20095982e-01 2.62280002e-01 6.59120340e-03 1.20108089e-01 2.62468015e-01 6.57526832e-03 -1.21066889e-05 -1.88013601e-04 1.59350766e-05
185              1.20094431e-01 2.62276465e-01 6.59069851e-03 1.20106515e-01 2.62464388e-01 6.57537430e-03 -1.20831760e-05 -1.87923199e-04 1.53242103e-05
186              1.20096461e-01 2.62278877e-01 6.59069975e-03 1.20108728e-01 2.62466925e-01 6.57511830e-03 -1.22672657e-05 -1.88048299e-04 1.55814475e-05
187              1.20097206e-01 2.62275123e-01 6.58986441e-03 1.20109139e-01 2.62462970e-01 6.57538741e-03 -1.19326587e-05 -1.87846846e-04 1.44770065e-05
188              1.20096887e-01 2.62274936e-01 6.59063337e-03 1.20109139e-01 2.62462970e-01 6.57538741e-03 -1.22522230e-05 -1.88034116e-04 1.52459614e-05
189              1.20097113e-01 2.62275171e-01 6.58951194e-03 1.20109139e-01 2.62462970e-01 6.57538741e-03 -1.20264482e-05 -1.87798660e-04 1.41245305e-05
190              1.20103325e-01 2.62277661e-01 6.58984013e-03 1.20115561e-01 2.62465546e-01 6.57542806e-03 -1.22355156e-05 -1.87885419e-04 1.44120726e-05
191              1.20103381e-01 2.62277662e-01 6.58925941e-03 1.20115561e-01 2.62465546e-01 6.57542806e-03 -1.21803369e-05 -1.87884297e-04 1.38313514e-05
192              1.20103139e-01 2.62277708e-01 6.59062636e-03 1.20115561e-01 2.62465546e-01 6.57542806e-03 -1.24217496e-05 -1.87837863e-04 1.51983030e-05
193              1.20110873e-01 2.62276565e-01 6.59015198e-03 1.20122997e-01 2.62464511e-01 6.57611079e-03 -1.21240345e-05 -1.87945869e-04 1.40411946e-05
194              1.20111046e-01 2.62276496e-01 6.58955308e-03 1.20122997e-01 2.62464511e-01 6.57611079e-03 -1.19507813e-05 -1.88015301e-04 1.34422925e-05
195              1.20115501e-01 2.62277622e-01 6.59017828e-03 1.20127507e-01 2.62465610e-01 6.57604076e-03 -1.20056075e-05 -1.87987727e-04 1.41375138e-05
196              1.20116852e-01 2.62276305e-01 6.58829449e-03 1.20128854e-01 2.62464326e-01 6.57614586e-03 -1.20020547e-05 -1.88021533e-04 1.21486288e-05
197              1.20116772e-01 2.62276581e-01 6.58877738e-03 1.20128854e-01 2.62464326e-01 6.57614586e-03 -1.20827382e-05 -1.87744689e-04 1.26315201e-05
198              1.20125100e-01 2.62272104e-01 6.58943815e-03 1.20137337e-01 2.62460169e-01 6.57678291e-03 -1.22363974e-05 -1.88065478e-04 1.26552345e-05
199              1.20133734e-01 2.62266986e-01 6.59060393e-03 1.20145611e-01 2.62454922e-01 6.57742439e-03 -1.18767479e-05 -1.87935661e-04 1.31795361e-05
200              1.20133509e-01 2.62266733e-01 6.59147097e-03 1.20145611e-01 2.62454922e-01 6.57742439e-03 -1.21018804e-05 -1.88188957e-04 1.40465746e-05
201              1.20147611e-01 2.62269377e-01 6.59093928e-03 1.20159625e-01 2.62457268e-01 6.57738169e-03 -1.20139124e-05 -1.87890448e-04 1.35575938e-05
202              1.20159304e-01 2.62270252e-01 6.59139131e-03 1.20171487e-01 2.62457966e-01 6.57772796e-03 -1.21826236e-05 -1.87713137e-04 1.36633482e-05
203              1.20159593e-01 2.62270039e-01 6.59034203e-03 1.20171487e-01 2.62457966e-01 6.57772796e-03 -1.18944139e-05 -1.87926691e-04 1.26140678e-05
204              1.20170926e-01 2.62257848e-01 6.59156189e-03 1.20182859e-01 2.62445877e-01 6.57891487e-03 -1.19332407e-05 -1.88028797e-04 1.26470199e-05
205              1.20182409e-01 2.62246764e-01 6.59299513e-03 1.20194329e-01 2.62434669e-01 6.57977485e-03 -1.19198295e-05 -1.87904359e-04 1.32202771e-05
206              1.20182212e-01 2.62246471e-01 6.59350943e-03 1.20194329e-01 2.62434669e-01 6.57977485e-03 -1.21172448e-05 -1.88197520e-04 1.37345806e-05
207              1.20197902e-01 2.62244644e-01 6.59506453e-03 1.20209851e-01 2.62432538e-01 6.58057381e-03 -1.19491482e-05 -1.87893385e-04 1.44907219e-05
208              1.20208816e-01 2.62245571e-01 6.59552505e-03 1.20220919e-01 2.62433718e-01 6.58089348e-03 -1.21033165e-05 -1.88146975e-04 1.46315620e-05
209              1.20209295e-01 2.62245794e-01 6.59381295e-03 1.20220919e-01 2.62433718e-01 6.58089348e-03 -1.16244068e-05 -1.87923929e-04 1.29194656e-05
210              1.20215585e-01 2.62232802e-01 6.59429049e-03 1.20227468e-01 2.62420934e-01 6.58110319e-03 -1.18829008e-05 -1.88131620e-04 1.31872987e-05
211              1.20213405e-01 2.62223774e-01 6.59480133e-03 1.20225189e-01 2.62411739e-01 6.58164554e-03 -1.17835764e-05 -1.87965921e-04 1.31557836e-05
212              1.20213143e-01 2.62223878e-01 6.59655712e-03 1.20225189e-01 2.62411739e-01 6.58164554e-03 -1.20459489e-05 -1.87861734e-04 1.49115791e-05
213              1.20214641e-01 2.62226272e-01 6.59561182e-03 1.20226637e-01 2.62414018e-01 6.58117636e-03 -1.19964443e-05 -1.87746222e-04 1.44354591e-05
214              1.20214809e-01 2.62230401e-01 6.59599402e-03 1.20226979e-01 2.62418228e-01 6.58105690e-03 -1.21695980e-05 -1.87827603e-04 1.49371193e-05
215              1.20214994e-01 2.62230362e-01 6.59594971e-03 1.20226979e-01 2.62418228e-01 6.58105690e-03 -1.19848288e-05 -1.87866584e-04 1.48928121e-05
216              1.20212217e-01 2.62224743e-01 6.59626904e-03 1.20224335e-01 2.62412920e-01 6.58137899e-03 -1.21174819e-05 -1.88177417e-04 1.48900509e-05
217              1.20206902e-01 2.62220094e-01 6.59570512e-03 1.20218634e-01 2.62407904e-01 6.58195785e-03 -1.17317866e-05 -1.87809896e-04 1.37472721e-05
218              1.20206563e-01 2.62219960e-01 6.59663749e-03 1.20218634e-01 2.62407904e-01 6.58195785e-03 -1.20705673e-05 -1.87943549e-04 1.46796448e-05
219              1.20205299e-01 2.62225226e-01 6.59574407e-03 1.20217157e-01 2.62413021e-01 6.58141958e-03 -1.18577595e-05 -1.87795298e-04 1.43244911e-05
220              1.20202286e-01 2.62228345e-01 6.59591498e-03 1.20214421e-01 2.62416090e-01 6.58100452e-03 -1.21346251e-05 -1.87744961e-04 1.49104603e-05
221              1.20202410e-01 2.62228270e-01 6.59425822e-03 1.20214421e-01 2.62416090e-01 6.58100452e-03 -1.20106987e-05 -1.87819623e-04 1.32537074e-05
222              1.20202360e-01 2.62228288e-01 6.59423339e-03 1.20214421e-01 2.62416090e-01 6.58100452e-03 -1.20610675e-05 -1.87801623e-04 1.32288764e-05
223              1.20203080e-01 2.62219530e-01 6.59582296e-03 1.20215202e-01 2.62407440e-01 6.58188587e-03 -1.21217418e-05 -1.87909325e-04 1.39370945e-05
224              1.20208318e-01 2.62223612e-01 6.59679324e-03 1.20220554e-01 2.62411594e-01 6.58224648e-03 -1.22357503e-05 -1.87982069e-04 1.45467593e-05
225              1.20208399e-01 2.62223720e-01 6.59714976e-03 1.20220554e-01 2.62411594e-01 6.58224648e-03 -1.21546816e-05 -1.87874482e-04 1.49032837e-05
226              1.20208559e-01 2.62223554e-01 6.59527929e-03 1.20220554e-01 2.62411594e-01 6.58224648e-03 -1.19952795e-05 -1.88040423e-04 1.30328122e-05
227              1.20208909e-01 2.62223894e-01 6.59464261e-03 1.20220554e-01 2.62411594e-01 6.58224648e-03 -1.16451359e-05 -1.87699970e-04 1.23961299e-05
228              1.20214773e-01 2.62210713e-01 6.59538276e-03 1.20226699e-01 2.62398666e-01 6.58277700e-03 -1.19260395e-05 -1.87953175e-04 1.26057585e-05
229              1.20214828e-01 2.62202557e-01 6.59530378e-03 1.20226503e-01 2.62390300e-01 6.58326915e-03 -1.16756365e-05 -1.87743537e-04 1.20346299e-05
230              1.20214496e-01 2.62202326e-01 6.59640919e-03 1.20226503e-01 2.62390300e-01 6.58326915e-03 -1.20069051e-05 -1.87974044e-04 1.31400332e-05
231              1.20220053e-01 2.62201448e-01 6.59624493e-03 1.20231982e-01 2.62389235e-01 6.58339102e-03 -1.19294988e-05 -1.87787315e-04 1.28539118e-05
232              1.20219919e-01 2.62201490e-01 6.59708243e-03 1.20231982e-01 2.62389235e-01 6.58339102e-03 -1.20635006e-05 -1.87745067e-04 1.36914151e-05
233              1.20220003e-01 2.62201370e-01 6.59610803e-03 1.20231982e-01 2.62389235e-01 6.58339102e-03 -1.19789714e-05 -1.87865907e-04 1.27170136e-05
234              1.20229819e-01 2.62194756e-01 6.59658368e-03 1.20241691e-01 2.62382645e-01 6.58399648e-03 -1.18719637e-05 -1.87889338e-04 1.25871994e-05
235              1.20229913e-01 2.62194711e-01 6.59701025e-03 1.20241691e-01 2.62382645e-01 6.58399648e-03 -1.17786051e-05 -1.87934222e-04 1.30137711e-05
236              1.20232125e-01 2.62200229e-01 6.59638493e-03 1.20243912e-01 2.62388126e-01 6.58468181e-03 -1.17865870e-05 -1.87897102e-04 1.17031161e-05
237              1.20233976e-01 2.62206712e-01 6.59692509e-03 1.20245810e-01 2.62394378e-01 6.58467793e-03 -1.18336612e-05 -1.87666335e-04 1.22471619e-05
238              1.20233817e-01 2.62206660e-01 6.59755052e-03 1.20245810e-01 2.62394378e-01 6.58467793e-03 -1.19930493e-05 -1.87718484e-04 1.28725920e-05
239              1.20240620e-01 2.62204380e-01 6.59703403e-03 1.20252461e-01 2.62392014e-01 6.58401677e-03 -1.18410979e-05 -1.87633281e-04 1.30172530e-05
240              1.20246620e-01 2.62203428e-01 6.59844422e-03 1.20258692e-01 2.62391456e-01 6.58348558e-03 -1.20721673e-05 -1.88028244e-04 1.49586370e-05
241              1.20246962e-01 2.62203656e-01 6.59667323e-03 1.20258692e-01 2.62391456e-01 6.58348558e-03 -1.17298694e-05 -1.87800477e-04 1.31876512e-05
242              1.20246872e-01 2.62203517e-01 6.59724270e-03 1.20258692e-01 2.62391456e-01 6.58348558e-03 -1.18201143e-05 -1.87939090e-04 1.37571259e-05
243              1.20249245e-01 2.62205683e-01 6.59556113e-03 1.20261015e-01 2.62393900e-01 6.58233268e-03 -1.17701226e-05 -1.88217420e-04 1.32284490e-05
244              1.20252671e-01 2.62210769e-01 6.59562653e-03 1.20264689e-01 2.62398463e-01 6.58190077e-03 -1.20186341e-05 -1.87693973e-04 1.37257624e-05
245              1.20252765e-01 2.62210970e-01 6.59469888e-03 1.20264689e-01 2.62398463e-01 6.58190077e-03 -1.19246898e-05 -1.87492985e-04 1.27981122e-05
246              1.20252742e-01 2.62210837e-01 6.59373662e-03 1.20264689e-01 2.62398463e-01 6.58190077e-03 -1.19475607e-05 -1.87626158e-04 1.18358503e-05
247              1.20259473e-01 2.62205915e-01 6.59412182e-03 1.20271373e-01 2.62393644e-01 6.58133441e-03 -1.18997401e-05 -1.87728234e-04 1.27874175e-05
248              1.20263163e-01 2.62208987e-01 6.59610001e-03 1.20275239e-01 2.62397098e-01 6.58204558e-03 -1.20763260e-05 -1.88111299e-04 1.40544273e-05
249              1.20263177e-01 2.62209274e-01 6.59582098e-03 1.20275239e-01 2.62397098e-01 6.58204558e-03 -1.20616758e-05 -1.87823920e-04 1.37754016e-05
250              1.20261207e-01 2.62213686e-01 6.59563123e-03 1.20273223e-01 2.62401570e-01 6.58217712e-03 -1.20164031e-05 -1.87884520e-04 1.34541047e-05
251              1.20261129e-01 2.62213649e-01 6.59556087e-03 1.20273223e-01 2.62401570e-01 6.58217712e-03 -1.20939290e-05 -1.87921559e-04 1.33837471e-05
252              1.20261059e-01 2.62213711e-01 6.59617580e-03 1.20273223e-01 2.62401570e-01 6.58217712e-03 -1.21638067e-05 -1.87859003e-04 1.39986740e-05
253              1.20264861e-01 2.62213112e-01 6.59531990e-03 1.20276917e-01 2.62401379e-01 6.58144793e-03 -1.20559484e-05 -1.88266906e-04 1.38719663e-05
254              1.20264744e-01 2.62213477e-01 6.59541026e-03 1.20276917e-01 2.62401379e-01 6.58144793e-03 -1.21729409e-05 -1.87901964e-04 1.39623311e-05
255              1.20261615e-01 2.62215359e-01 6.59523419e-03 1.20273797e-01 2.62403362e-01 6.58086642e-03 -1.21818576e-05 -1.88003288e-04 1.43677626e-05
256              1.20261826e-01 2.62216710e-01 6.59447401e-03 1.20273915e-01 2.62404717e-01 6.58127945e-03 -1.20887348e-05 -1.88006727e-04 1.31945590e-05
257              1.20261870e-01 2.62216886e-01 6.59512027e-03 1.20273915e-01 2.62404717e-01 6.58127945e-03 -1.20452150e-05 -1.87831001e-04 1.38408133e-05
258              1.20262479e-01 2.62217186e-01 6.59569492e-03 1.20274711e-01 2.62405367e-01 6.58117759e-03 -1.22320181e-05 -1.88181090e-04 1.45173294e-05
259              1.20257607e-01 2.62215116e-01 6.59568681e-03 1.20269579e-01 2.62403094e-01 6.58173266e-03 -1.19718694e-05 -1.87977690e-04 1.39541527e-05
260              1.20257568e-01 2.62215078e-01 6.59572199e-03 1.20269579e-01 2.62403094e-01 6.58173266e-03 -1.20115596e-05 -1.88015482e-04 1.39893377e-05
261              1.20255129e-01 2.62218108e-01 6.59400243e-03 1.20267113e-01 2.62405714e-01 6.58113631e-03 -1.19840644e-05 -1.87606214e-04 1.28661142e-05
262              1.20255307e-01 2.62222919e-01 6.59489274e-03 1.20267529e-01 2.62410609e-01 6.58108143e-03 -1.22214521e-05 -1.87689706e-04 1.38113090e-05
263              1.20255148e-01 2.62222245e-01 6.59553998e-03 1.20267529e-01 2.62410609e-01 6.58108143e-03 -1.23802639e-05 -1.88364295e-04 1.44585538e-05
264              1.20255239e-01 2.62222358e-01 6.59549312e-03 1.20267529e-01 2.62410609e-01 6.58108143e-03 -1.22899662e-05 -1.88251280e-04 1.44116907e-05
265              1.20255398e-01 2.62222405e-01 6.59384001e-03 1.20267529e-01 2.62410609e-01 6.58108143e-03 -1.21304138e-05 -1.88203563e-04 1.27585821e-05
266              1.20255253e-01 2.62222623e-01 6.59294268e-03 1.20267529e-01 2.62410609e-01 6.58108143e-03 -1.22752207e-05 -1.87985776e-04 1.18612501e-05
267              1.20271522e-01 2.62236700e-01 6.59524380e-03 1.20283483e-01 2.62424622e-01 6.58305715e-03 -1.19618803e-05 -1.87922664e-04 1.21866472e-05
268              1.20282795e-01 2.62248161e-01 6.59787527e-03 1.20294876e-01 2.62436168e-01 6.58492087e-03 -1.20810130e-05 -1.88006730e-04 1.29543979e-05
269              1.20286345e-01 2.62247966e-01 6.59964871e-03 1.20298467e-01 2.62435788e-01 6.58674185e-03 -1.21221898e-05 -1.87822334e-04 1.29068653e-05
270              1.20292045e-01 2.62249479e-01 6.60151938e-03 1.20304312e-01 2.62437269e-01 6.58789752e-03 -1.22662691e-05 -1.87789740e-04 1.36218665e-05
271              1.20292115e-01 2.62249604e-01 6.60159856e-03 1.20304312e-01 2.62437269e-01 6.58789752e-03 -1.21964877e-05 -1.87664609e-04 1.37010463e-05
272              1.20292023e-01 2.62249281e-01 6.60250083e-03 1.20304312e-01 2.62437269e-01 6.58789752e-03 -1.22887891e-05 -1.87988317e-04 1.46033177e-05
273              1.20299814e-01 2.62248340e-01 6.60138506e-03 1.20311765e-01 2.62436378e-01 6.58889657e-03 -1.19504749e-05 -1.88037304e-04 1.24884891e-05
274              1.20299689e-01 2.62248457e-01 6.60210316e-03 1.20311765e-01 2.62436378e-01 6.58889657e-03 -1.20752702e-05 -1.87921044e-04 1.32065985e-05
275              1.20299822e-01 2.62248351e-01 6.60222681e-03 1.20311765e-01 2.62436378e-01 6.58889657e-03 -1.19429147e-05 -1.88027116e-04 1.33302416e-05
276              1.20302063e-01 2.62245861e-01 6.60313392e-03 1.20314107e-01 2.62433631e-01 6.58959296e-03 -1.20431691e-05 -1.87769125e-04 1.35409608e-05
277              1.20298768e-01 2.62239646e-01 6.60329412e-03 1.20310534e-01 2.62427561e-01 6.59006074e-03 -1.17661457e-05 -1.87914681e-04 1.32333783e-05
278              1.20296154e-01 2.62240331e-01 6.60219977e-03 1.20308160e-01 2.62428373e-01 6.58917391e-03 -1.20053925e-05 -1.88041367e-04 1.30258598e-05
279              1.20296230e-01 2.62240314e-01 6.60238341e-03 1.20308160e-01 2.62428373e-01 6.58917391e-03 -1.19292408e-05 -1.88058725e-04 1.32094938e-05
280              1.20295917e-01 2.62240328e-01 6.60333191e-03 1.20308160e-01 2.62428373e-01 6.58917391e-03 -1.22431108e-05 -1.88044679e-04 1.41579935e-05
281              1.20297042e-01 2.62238314e-01 6.60315930e-03 1.20309064e-01 2.62426000e-01 6.58988618e-03 -1.20219644e-05 -1.87686805e-04 1.32731176e-05
282              1.20301036e-01 2.62244952e-01 6.60240057e-03 1.20313132e-01 2.62432833e-01 6.58897321e-03 -1.20961929e-05 -1.87881195e-04 1.34273610e-05
283              1.20298742e-01 2.62244965e-01 6.60214629e-03 1.20310661e-01 2.62433117e-01 6.58936397e-03 -1.19189058e-05 -1.88151840e-04 1.27823247e-05
284              1.20298590e-01 2.62245260e-01 6.60359581e-03 1.20310661e-01 2.62433117e-01 6.58936397e-03 -1.20708740e-05 -1.87857064e-04 1.42318426e-05
285              1.20298677e-01 2.62245417e-01 6.60269336e-03 1.20310661e-01 2.62433117e-01 6.58936397e-03 -1.19832337e-05 -1.87700190e-04 1.33293935e-05
286              1.20292901e-01 2.62247882e-01 6.60300822e-03 1.20305317e-01 2.62435640e-01 6.58834336e-03 -1.24161402e-05 -1.87757605e-04 1.46648638e-05
287              1.20293020e-01 2.62247554e-01 6.60233698e-03 1.20305317e-01 2.62435640e-01 6.58834336e-03 -1.22973324e-05 -1.88086170e-04 1.39936164e-05
288              1.20298230e-01 2.62253030e-01 6.60309428e-03 1.20310556e-01 2.62441350e-01 6.58824462e-03 -1.23263532e-05 -1.88320500e-04 1.48496606e-05
289              1.20298843e-01 2.62254826e-01 6.60077558e-03 1.20310786e-01 2.62442738e-01 6.58806062e-03 -1.19436185e-05 -1.87912453e-04 1.27149660e-05
290              1.20298680e-01 2.62254981e-01 6.60138525e-03 1.20310786e-01 2.62442738e-01 6.58806062e-03 -1.21069451e-05 -1.87757599e-04 1.33246324e-05
291              1.20294310e-01 2.62252192e-01 6.60093597e-03 1.20306369e-01 2.62439932e-01 6.58790365e-03 -1.20588681e-05 -1.87739353e-04 1.30323216e-05
292              1.20292276e-01 2.62251536e-01 6.60177496e-03 1.20304459e-01 2.62439331e-01 6.58751733e-03 -1.21825759e-05 -1.87795626e-04 1.42576362e-05
293              1.20292443e-01 2.62251009e-01 6.59971770e-03 1.20304459e-01 2.62439331e-01 6.58751733e-03 -1.20155735e-05 -1.88322194e-04 1.22003749e-05
294              1.20292221e-01 2.62251211e-01 6.60097572e-03 1.20304459e-01 2.62439331e-01 6.58751733e-03 -1.22377232e-05 -1.88120200e-04 1.34583975e-05
295              1.20299037e-01 2.62253675e-01 6.60046954e-03 1.20310907e-01 2.62441714e-01 6.58762316e-03 -1.18703306e-05 -1.88039104e-04 1.28463728e-05
296              1.20298985e-01 2.62253649e-01 6.60132731e-03 1.20310907e-01 2.62441714e-01 6.58762316e-03 -1.19220911e-05 -1.88064816e-04 1.37041488e-05
297              1.20299080e-01 2.62253785e-01 6.59916468e-03 1.20310907e-01 2.62441714e-01 6.58762316e-03 -1.18275885e-05 -1.87928784e-04 1.15415127e-05
298              1.20307437e-01 2.62257715e-01 6.60012751e-03 1.20319432e-01 2.62445584e-01 6.58835443e-03 -1.19947961e-05 -1.87869169e-04 1.17730813e-05
299              1.20307565e-01 2.62257739e-01 6.60037127e-03 1.20319432e-01 2.62445584e-01 6.58835443e-03 -1.18665940e-05 -1.87844962e-04 1.20168375e-05
300              1.20308829e-01 2.62250069e-01 6.60146753e-03 1.20320793e-01 2.62438020e-01 6.58831073e-03 -1.19643071e-05 -1.87950832e-04 1.31567959e-05
301              1.20308610e-01 2.62248143e-01 6.60182466e-03 1.20320665e-01 2.62436145e-01 6.58863290e-03 -1.20543365e-05 -1.88002441e-04 1.31917592e-05
302              1.20308696e-01 2.62248227e-01 6.60228528e-03 1.20320665e-01 2.62436145e-01 6.58863290e-03 -1.19689515e-05 -1.87918212e-04 1.36523767e-05
303              1.20299033e-01 2.62254742e-01 6.60109009e-03 1.20310853e-01 2.62442727e-01 6.58815732e-03 -1.18197244e-05 -1.87984829e-04 1.29327693e-05
304              1.20293710e-01 2.62258165e-01 6.60054699e-03 1.20305682e-01 2.62445975e-01 6.58738430e-03 -1.19719885e-05 -1.87809588e-04 1.31626895e-05
305              1.20293972e-01 2.62258226e-01 6.59901118e-03 1.20305682e-01 2.62445975e-01 6.58738430e-03 -1.17098406e-05 -1.87748365e-04 1.16268814e-05
306              1.20292466e-01 2.62251006e-01 6.59798287e-03 1.20304475e-01 2.62438930e-01 6.58613371e-03 -1.20091762e-05 -1.87924537e-04 1.18491615e-05
307              1.20292252e-01 2.62247687e-01 6.59744295e-03 1.20304160e-01 2.62435833e-01 6.58552361e-03 -1.19079595e-05 -1.88145398e-04 1.19193349e-05
308              1.20292000e-01 2.62247722e-01 6.59787161e-03 1.20304160e-01 2.62435833e-01 6.58552361e-03 -1.21592873e-05 -1.88110400e-04 1.23480013e-05
309              1.20292166e-01 2.62248189e-01 6.59725448e-03 1.20304160e-01 2.62435833e-01 6.58552361e-03 -1.19931711e-05 -1.87643582e-04 1.17308642e-05
310              1.20291543e-01 2.62250932e-01 6.59734204e-03 1.20303686e-01 2.62438654e-01 6.58502233e-03 -1.21420479e-05 -1.87722235e-04 1.23197189e-05
311              1.20291569e-01 2.62250751e-01 6.59790173e-03 1.20303686e-01 2.62438654e-01 6.58502233e-03 -1.21161424e-05 -1.87903299e-04 1.28794038e-05
312              1.20291555e-01 2.62250374e-01 6.59812351e-03 1.20303686e-01 2.62438654e-01 6.58502233e-03 -1.21309679e-05 -1.88280220e-04 1.31011865e-05
313              1.20298803e-01 2.62246820e-01 6.59607415e-03 1.20310626e-01 2.62434947e-01 6.58439888e-03 -1.18224385e-05 -1.88127487e-04 1.16752744e-05
314              1.20298730e-01 2.62247195e-01 6.59695343e-03 1.20310626e-01 2.62434947e-01 6.58439888e-03 -1.18958333e-05 -1.87752581e-04 1.25545526e-05
315              1.20295756e-01 2.62253787e-01 6.59760258e-03 1.20307690e-01 2.62441626e-01 6.58460597e-03 -1.19339045e-05 -1.87839106e-04 1.29966118e-05
316              1.20297083e-01 2.62252630e-01 6.59800432e-03 1.20309213e-01 2.62440478e-01 6.58494505e-03 -1.21299527e-05 -1.87848214e-04 1.30592744e-05
317              1.20297115e-01 2.62252642e-01 6.59749352e-03 1.20309213e-01 2.62440478e-01 6.58494505e-03 -1.20973589e-05 -1.87835949e-04 1.25484663e-05
318              1.20298550e-01 2.62247550e-01 6.59697420e-03 1.20310722e-01 2.62435499e-01 6.58484167e-03 -1.21714378e-05 -1.87949287e-04 1.21325293e-05
319              1.20301261e-01 2.62243989e-01 6.59745994e-03 1.20313243e-01 2.62431909e-01 6.58543382e-03 -1.19814875e-05 -1.87920341e-04 1.20261237e-05
320              1.20301237e-01 2.62243945e-01 6.59809939e-03 1.20313243e-01 2.62431909e-01 6.58543382e-03 -1.20061131e-05 -1.87963938e-04 1.26655668e-05
321              1.20297042e-01 2.62247580e-01 6.59860739e-03 1.20309306e-01 2.62435424e-01 6.58573939e-03 -1.22638120e-05 -1.87843588e-04 1.28679965e-05
322              1.20297315e-01 2.62248907e-01 6.59841120e-03 1.20309471e-01 2.62436892e-01 6.58594944e-03 -1.21566092e-05 -1.87985221e-04 1.24617657e-05
323              1.20297519e-01 2.62248672e-01 6.59789488e-03 1.20309471e-01 2.62436892e-01 6.58594944e-03 -1.19521250e-05 -1.88219534e-04 1.19454422e-05
324              1.20297629e-01 2.62248953e-01 6.59845296e-03 1.20309471e-01 2.62436892e-01 6.58594944e-03 -1.18421391e-05 -1.87939043e-04 1.25035276e-05
325              1.20297540e-01 2.62248943e-01 6.59891212e-03 1.20309471e-01 2.62436892e-01 6.58594944e-03 -1.19313280e-05 -1.87949466e-04 1.29626805e-05
326              1.20297240e-01 2.62260292e-01 6.59959444e-03 1.20309350e-01 2.62448128e-01 6.58696830e-03 -1.21100184e-05 -1.87836227e-04 1.26261395e-05
327              1.20302035e-01 2.62264154e-01 6.60098517e-03 1.20314063e-01 2.62452235e-01 6.58774538e-03 -1.20277423e-05 -1.88080248e-04 1.32397860e-05
328              1.20301797e-01 2.62264086e-01 6.60174655e-03 1.20314063e-01 2.62452235e-01 6.58774538e-03 -1.22659518e-05 -1.88148233e-04 1.40011664e-05
329              1.20307516e-01 2.62262606e-01 6.60101269e-03 1.20319773e-01 2.62450461e-01 6.58752690e-03 -1.22574597e-05 -1.87855407e-04 1.34857937e-05
330              1.20316074e-01 2.62261152e-01 6.60084022e-03 1.20328378e-01 2.62448974e-01 6.58769607e-03 -1.23041302e-05 -1.87821129e-04 1.31441501e-05
331              1.20316290e-01 2.62261104e-01 6.60054498e-03 1.20328378e-01 2.62448974e-01 6.58769607e-03 -1.20875905e-05 -1.87869652e-04 1.28489153e-05
332              1.20315297e-01 2.62258690e-01 6.60032041e-03 1.20327362e-01 2.62446698e-01 6.58767816e-03 -1.20648881e-05 -1.88007269e-04 1.26422490e-05
333              1.20312421e-01 2.62255344e-01 6.59846603e-03 1.20324351e-01 2.62443474e-01 6.58778882e-03 -1.19302277e-05 -1.88130090e-04 1.06772075e-05
334              1.20312290e-01 2.62255689e-01 6.59973557e-03 1.20324351e-01 2.62443474e-01 6.58778882e-03 -1.20612334e-05 -1.87784909e-04 1.19467445e-05
335              1.20312246e-01 2.62255716e-01 6.60121362e-03 1.20324351e-01 2.62443474e-01 6.58778882e-03 -1.21050618e-05 -1.87757360e-04 1.34248007e-05
336              1.20302109e-01 2.62247935e-01 6.60230177e-03 1.20314493e-01 2.62435893e-01 6.58794958e-03 -1.23838520e-05 -1.87958256e-04 1.43521831e-05
337              1.20298667e-01 2.62238162e-01 6.60085085e-03 1.20310718e-01 2.62426298e-01 6.58782459e-03 -1.20516295e-05 -1.88136228e-04 1.30262606e-05
338              1.20298938e-01 2.62238224e-01 6.60017689e-03 1.20310718e-01 2.62426298e-01 6.58782459e-03 -1.17803303e-05 -1.88073533e-04 1.23522930e-05
339              1.20289522e-01 2.62234102e-01 6.59892347e-03 1.20301328e-01 2.62422124e-01 6.58649654e-03 -1.18059719e-05 -1.88021337e-04 1.24269367e-05
340              1.20284357e-01 2.62233644e-01 6.59855213e-03 1.20296368e-01 2.62421528e-01 6.58580081e-03 -1.20106385e-05 -1.87884197e-04 1.27513215e-05
341              1.20284247e-01 2.62233615e-01 6.59782396e-03 1.20296368e-01 2.62421528e-01 6.58580081e-03 -1.21208815e-05 -1.87913014e-04 1.20231453e-05
342              1.20277980e-01 2.62232658e-01 6.59733860e-03 1.20289981e-01 2.62420527e-01 6.58514143e-03 -1.20011977e-05 -1.87869023e-04 1.21971709e-05
343              1.20278111e-01 2.62232599e-01 6.59680455e-03 1.20289981e-01 2.62420527e-01 6.58514143e-03 -1.18697376e-05 -1.87927718e-04 1.16631220e-05
344              1.20277821e-01 2.62232468e-01 6.59826324e-03 1.20289981e-01 2.62420527e-01 6.58514143e-03 -1.21598761e-05 -1.88059368e-04 1.31218061e-05
345              1.20279841e-01 2.62236285e-01 6.59792484e-03 1.20291972e-01 2.62424324e-01 6.58406800e-03 -1.21304797e-05 -1.88038700e-04 1.38568373e-05
346              1.20279726e-01 2.62236189e-01 6.59744133e-03 1.20291972e-01 2.62424324e-01 6.58406800e-03 -1.22454561e-05 -1.88134755e-04 1.33733346e-05
347              1.20274110e-01 2.62234978e-01 6.59651805e-03 1.20286065e-01 2.62423134e-01 6.58388925e-03 -1.19549020e-05 -1.88155882e-04 1.26288057e-05
348              1.20273746e-01 2.62233108e-01 6.59644494e-03 1.20285811e-01 2.62421194e-01 6.58379377e-03 -1.20652450e-05 -1.88086062e-04 1.26511707e-05
349              1.20273946e-01 2.62233428e-01 6.59554973e-03 1.20285811e-01 2.62421194e-01 6.58379377e-03 -1.18658343e-05 -1.87766059e-04 1.17559570e-05
350              1.20273630e-01 2.62233342e-01 6.59626400e-03 1.20285811e-01 2.62421194e-01 6.58379377e-03 -1.21815109e-05 -1.87852694e-04 1.24702318e-05
351              1.20274618e-01 2.62235835e-01 6.59634409e-03 1.20286706e-01 2.62423964e-01 6.58421401e-03 -1.20876455e-05 -1.88128491e-04 1.21300743e-05
352              1.20282588e-01 2.62243744e-01 6.59769850e-03 1.20294648e-01 2.62431612e-01 6.58484207e-03 -1.20601020e-05 -1.87868321e-04 1.28564306e-05
353              1.20282790e-01 2.62243746e-01 6.59665261e-03 1.20294648e-01 2.62431612e-01 6.58484207e-03 -1.18587546e-05 -1.87866400e-04 1.18105406e-05
354              1.20283351e-01 2.62247381e-01 6.59609076e-03 1.20295267e-01 2.62435184e-01 6.58442017e-03 -1.19158221e-05 -1.87802482e-04 1.16705911e-05
355              1.20285108e-01 2.62244408e-01 6.59704247e-03 1.20297058e-01 2.62432378e-01 6.58459297e-03 -1.19502917e-05 -1.87970035e-04 1.24495070e-05
356              1.20285190e-01 2.62244408e-01 6.59708285e-03 1.20297058e-01 2.62432378e-01 6.58459297e-03 -1.18683705e-05 -1.87970318e-04 1.24898830e-05
357              1.20285187e-01 2.62244608e-01 6.59684896e-03 1.20297058e-01 2.62432378e-01 6.58459297e-03 -1.18707393e-05 -1.87770406e-04 1.22559890e-05
358              1.20287463e-01 2.62242198e-01 6.59638373e-03 1.20299454e-01 2.62429975e-01 6.58488689e-03 -1.19910110e-05 -1.87776626e-04 1.14968431e-05
359              1.20295862e-01 2.62234870e-01 6.59680556e-03 1.20307645e-01 2.62422710e-01 6.58508704e-03 -1.17825999e-05 -1.87839996e-04 1.17185160e-05
360              1.20295780e-01 2.62234885e-01 6.59813022e-03 1.20307645e-01 2.62422710e-01 6.58508704e-03 -1.18654183e-05 -1.87825450e-04 1.30431805e-05
361              1.20295389e-01 2.62232354e-01 6.59635251e-03 1.20307237e-01 2.62420110e-01 6.58407836e-03 -1.18485456e-05 -1.87755453e-04 1.22741482e-05
362              1.20295141e-01 2.62232243e-01 6.59720863e-03 1.20307237e-01 2.62420110e-01 6.58407836e-03 -1.20966996e-05 -1.87866641e-04 1.31302761e-05
363              1.20295332e-01 2.62232203e-01 6.59705795e-03 1.20307237e-01 2.62420110e-01 6.58407836e-03 -1.19054726e-05 -1.87906728e-04 1.29795941e-05
364              1.20274246e-01 2.62236173e-01 6.59629345e-03 1.20286169e-01 2.62424114e-01 6.58287000e-03 -1.19227645e-05 -1.87941330e-04 1.34234485e-05
365              1.20274137e-01 2.62236330e-01 6.59546185e-03 1.20286169e-01 2.62424114e-01 6.58287000e-03 -1.20318410e-05 -1.87783533e-04 1.25918482e-05
366              1.20277313e-01 2.62238689e-01 6.59416632e-03 1.20289300e-01 2.62426713e-01 6.58232540e-03 -1.19862973e-05 -1.88023823e-04 1.18409192e-05
367              1.20284089e-01 2.62240842e-01 6.59408866e-03 1.20295825e-01 2.62428846e-01 6.58190263e-03 -1.17354842e-05 -1.88004517e-04 1.21860268e-05
368              1.20283664e-01 2.62240858e-01 6.59644539e-03 1.20295825e-01 2.62428846e-01 6.58190263e-03 -1.21609858e-05 -1.87988199e-04 1.45427644e-05
369              1.20286170e-01 2.62241266e-01 6.59488019e-03 1.20297997e-01 2.62429054e-01 6.58235280e-03 -1.18269255e-05 -1.87787805e-04 1.25273964e-05
370              1.20285266e-01 2.62238889e-01 6.59593203e-03 1.20297192e-01 2.62426552e-01 6.58254652e-03 -1.19260671e-05 -1.87662143e-04 1.33855110e-05
371              1.20285324e-01 2.62238674e-01 6.59449367e-03 1.20297192e-01 2.62426552e-01 6.58254652e-03 -1.18685786e-05 -1.87877199e-04 1.19471467e-05
372              1.20282598e-01 2.62233470e-01 6.59766036e-03 1.20294637e-01 2.62421266e-01 6.58339979e-03 -1.20386089e-05 -1.87796586e-04 1.42605616e-05
373              1.20280950e-01 2.62228444e-01 6.59928637e-03 1.20293177e-01 2.62416642e-01 6.58459290e-03 -1.22270986e-05 -1.88197589e-04 1.46934731e-05
374              1.20281385e-01 2.62228656e-01 6.59918528e-03 1.20293177e-01 2.62416642e-01 6.58459290e-03 -1.17919511e-05 -1.87986073e-04 1.45923773e-05
375              1.20281369e-01 2.62228621e-01 6.59927945e-03 1.20293177e-01 2.62416642e-01 6.58459290e-03 -1.18079360e-05 -1.88020909e-04 1.46865489e-05
376              1.20270984e-01 2.62224197e-01 6.59846207e-03 1.20282840e-01 2.62412264e-01 6.58519510e-03 -1.18560974e-05 -1.88066421e-04 1.32669747e-05
377              1.20271064e-01 2.62224253e-01 6.59786604e-03 1.20282840e-01 2.62412264e-01 6.58519510e-03 -1.17757872e-05 -1.88010818e-04 1.26709393e-05
378              1.20270818e-01 2.62224048e-01 6.59914867e-03 1.20282840e-01 2.62412264e-01 6.58519510e-03 -1.20213568e-05 -1.88215388e-04 1.39535700e-05
379              1.20253480e-01 2.62221543e-01 6.59714720e-03 1.20265383e-01 2.62409747e-01 6.58404826e-03 -1.19034211e-05 -1.88203838e-04 1.30989446e-05
380              1.20246710e-01 2.62221732e-01 6.59837909e-03 1.20258821e-01 2.62409780e-01 6.58439521e-03 -1.21114198e-05 -1.88048060e-04 1.39838811e-05
381              1.20242673e-01 2.62217502e-01 6.59697105e-03 1.20254689e-01 2.62405358e-01 6.58404557e-03 -1.20162397e-05 -1.87856426e-04 1.29254846e-05
382              1.20243558e-01 2.62216244e-01 6.59705707e-03 1.20255659e-01 2.62403947e-01 6.58364541e-03 -1.21003684e-05 -1.87703037e-04 1.34116590e-05
383              1.20243578e-01 2.62216014e-01 6.59785524e-03 1.20255659e-01 2.62403947e-01 6.58364541e-03 -1.20801379e-05 -1.87933306e-04 1.42098289e-05
384              1.20243703e-01 2.62215954e-01 6.59921813e-03 1.20255659e-01 2.62403947e-01 6.58364541e-03 -1.19552681e-05 -1.87992874e-04 1.55727215e-05
385              1.20223968e-01 2.62214711e-01 6.59605534e-03 1.20235622e-01 2.62402776e-01 6.58223206e-03 -1.16536168e-05 -1.88064915e-04 1.38232872e-05
386              1.20223939e-01 2.62214855e-01 6.59449852e-03 1.20235622e-01 2.62402776e-01 6.58223206e-03 -1.16830719e-05 -1.87920732e-04 1.22664639e-05
387              1.20214104e-01 2.62216483e-01 6.59447156e-03 1.20225699e-01 2.62404234e-01 6.58167849e-03 -1.15946874e-05 -1.87750699e-04 1.27930616e-05
388              1.20205361e-01 2.62215616e-01 6.59609447e-03 1.20217304e-01 2.62403382e-01 6.58119497e-03 -1.19432254e-05 -1.87765998e-04 1.48995047e-05
389              1.20205406e-01 2.62215532e-01 6.59494764e-03 1.20217304e-01 2.62403382e-01 6.58119497e-03 -1.18976789e-05 -1.87850012e-04 1.37526765e-05
390              1.20204478e-01 2.62209098e-01 6.59493296e-03 1.20216374e-01 2.62397064e-01 6.58115425e-03 -1.18966314e-05 -1.87965785e-04 1.37787065e-05
391              1.20207205e-01 2.62204602e-01 6.59418215e-03 1.20219029e-01 2.62392446e-01 6.58113794e-03 -1.18243971e-05 -1.87844212e-04 1.30442063e-05
392              1.20207126e-01 2.62204823e-01 6.59544734e-03 1.20219029e-01 2.62392446e-01 6.58113794e-03 -1.19033630e-05 -1.87622741e-04 1.43093972e-05
393              1.20206873e-01 2.62204843e-01 6.59569361e-03 1.20219029e-01 2.62392446e-01 6.58113794e-03 -1.21566001e-05 -1.87603122e-04 1.45556648e-05
394              1.20210874e-01 2.62197033e-01 6.59741161e-03 1.20222857e-01 2.62384758e-01 6.58243842e-03 -1.19827893e-05 -1.87725421e-04 1.49731841e-05
395              1.20206816e-01 2.62187931e-01 6.59715497e-03 1.20218495e-01 2.62376077e-01 6.58324589e-03 -1.16793965e-05 -1.88146016e-04 1.39090746e-05
396              1.20206667e-01 2.62187979e-01 6.59696832e-03 1.20218495e-01 2.62376077e-01 6.58324589e-03 -1.18278919e-05 -1.88097887e-04 1.37224295e-05
397              1.20206582e-01 2.62188158e-01 6.59708677e-03 1.20218495e-01 2.62376077e-01 6.58324589e-03 -1.19131780e-05 -1.87919109e-04 1.38408811e-05
398              1.20206395e-01 2.62191226e-01 6.59980522e-03 1.20218647e-01 2.62379229e-01 6.58401695e-03 -1.22515784e-05 -1.88003393e-04 1.57882705e-05
399              1.20206465e-01 2.62187331e-01 6.59870115e-03 1.20218471e-01 2.62375222e-01 6.58388344e-03 -1.20067489e-05 -1.87891162e-04 1.48177018e-05
400              1.20206376e-01 2.62187266e-01 6.59933858e-03 1.20218471e-01 2.62375222e-01 6.58388344e-03 -1.20953292e-05 -1.87955758e-04 1.54551399e-05
401              1.20206472e-01 2.62187471e-01 6.59719506e-03 1.20218471e-01 2.62375222e-01 6.58388344e-03 -1.19995633e-05 -1.87750562e-04 1.33116168e-05
402              1.20213443e-01 2.62186479e-01 6.59650684e-03 1.20225356e-01 2.62374192e-01 6.58305870e-03 -1.19120214e-05 -1.87713135e-04 1.34481431e-05
403              1.20209229e-01 2.62183771e-01 6.59721535e-03 1.20221386e-01 2.62371941e-01 6.58306872e-03 -1.21565376e-05 -1.88169750e-04 1.41466326e-05
404              1.20209121e-01 2.62184079e-01 6.59774206e-03 1.20221386e-01 2.62371941e-01 6.58306872e-03 -1.22643378e-05 -1.87861455e-04 1.46733397e-05
405              1.20208963e-01 2.62184070e-01 6.59839886e-03 1.20221386e-01 2.62371941e-01 6.58306872e-03 -1.24223074e-05 -1.87870729e-04 1.53301417e-05
406              1.20218033e-01 2.62187483e-01 6.59751896e-03 1.20230211e-01 2.62375248e-01 6.58338800e-03 -1.21777314e-05 -1.87765600e-04 1.41309657e-05
407              1.20218306e-01 2.62187403e-01 6.59735319e-03 1.20230211e-01 2.62375248e-01 6.58338800e-03 -1.19043715e-05 -1.87845337e-04 1.39651950e-05
408              1.20222516e-01 2.62186296e-01 6.60043061e-03 1.20234786e-01 2.62374428e-01 6.58480065e-03 -1.22696877e-05 -1.88132076e-04 1.56299610e-05
409              1.20223868e-01 2.62184846e-01 6.59999752e-03 1.20235789e-01 2.62372706e-01 6.58572282e-03 -1.19207310e-05 -1.87859992e-04 1.42746954e-05
410              1.20224019e-01 2.62184960e-01 6.59939749e-03 1.20235789e-01 2.62372706e-01 6.58572282e-03 -1.17700717e-05 -1.87746116e-04 1.36746700e-05
411              1.20221375e-01 2.62189707e-01 6.59772350e-03 1.20233332e-01 2.62377416e-01 6.58523631e-03 -1.19573503e-05 -1.87709149e-04 1.24871929e-05
412              1.20223295e-01 2.62193052e-01 6.59917798e-03 1.20235422e-01 2.62380758e-01 6.58509819e-03 -1.21275745e-05 -1.87705964e-04 1.40797885e-05
413              1.20223192e-01 2.62192705e-01 6.59912008e-03 1.20235422e-01 2.62380758e-01 6.58509819e-03 -1.22300841e-05 -1.88053064e-04 1.40218905e-05
414              1.20223202e-01 2.62192934e-01 6.59843488e-03 1.20235422e-01 2.62380758e-01 6.58509819e-03 -1.22200660e-05 -1.87824058e-04 1.33366950e-05
415              1.20232909e-01 2.62196553e-01 6.60081719e-03 1.20244985e-01 2.62384572e-01 6.58658828e-03 -1.20762143e-05 -1.88018808e-04 1.42289100e-05
416              1.20241850e-01 2.62208240e-01 6.60207840e-03 1.20253943e-01 2.62396164e-01 6.58787427e-03 -1.20933478e-05 -1.87923368e-04 1.42041345e-05
417              1.20242272e-01 2.62208517e-01 6.60133594e-03 1.20253943e-01 2.62396164e-01 6.58787427e-03 -1.16710951e-05 -1.87647155e-04 1.34616746e-05
418              1.20239763e-01 2.62217206e-01 6.60125679e-03 1.20251779e-01 2.62404945e-01 6.58730650e-03 -1.20155018e-05 -1.87739706e-04 1.39502897e-05
419              1.20235716e-01 2.62217016e-01 6.60017661e-03 1.20247681e-01 2.62404784e-01 6.58699136e-03 -1.19648079e-05 -1.87767644e-04 1.31852552e-05
420              1.20235646e-01 2.62217077e-01 6.60133972e-03 1.20247681e-01 2.62404784e-01 6.58699136e-03 -1.20349091e-05 -1.87707146e-04 1.43483660e-05
421              1.20231327e-01 2.62220289e-01 6.60081857e-03 1.20243597e-01 2.62408096e-01 6.58630654e-03 -1.22702999e-05 -1.87806835e-04 1.45120308e-05
422              1.20231387e-01 2.62220379e-01 6.60106859e-03 1.20243597e-01 2.62408096e-01 6.58630654e-03 -1.22100959e-05 -1.87717507e-04 1.47620478e-05
423              1.20231338e-01 2.62220070e-01 6.60114203e-03 1.20243597e-01 2.62408096e-01 6.58630654e-03 -1.22585108e-05 -1.88026505e-04 1.48354838e-05
424              1.20223320e-01 2.62218986e-01 6.60204373e-03 1.20235481e-01 2.62406874e-01 6.58602455e-03 -1.21615747e-05 -1.87888014e-04 1.60191827e-05
425              1.20223752e-01 2.62218951e-01 6.60013070e-03 1.20235481e-01 2.62406874e-01 6.58602455e-03 -1.17295010e-05 -1.87922234e-04 1.41061493e-05
426              1.20224431e-01 2.62215584e-01 6.59838176e-03 1.20236351e-01 2.62403647e-01 6.58509142e-03 -1.19202906e-05 -1.88063654e-04 1.32903402e-05
427              1.20222897e-01 2.62213419e-01 6.59866004e-03 1.20234735e-01 2.62401298e-01 6.58505480e-03 -1.18379975e-05 -1.87878477e-04 1.36052427e-05
428              1.20222728e-01 2.62213403e-01 6.59981456e-03 1.20234735e-01 2.62401298e-01 6.58505480e-03 -1.20074557e-05 -1.87895197e-04 1.47597617e-05
429              1.20221881e-01 2.62213541e-01 6.59836417e-03 1.20233985e-01 2.62401336e-01 6.58460359e-03 -1.21044204e-05 -1.87794452e-04 1.37605785e-05
430              1.20220697e-01 2.62215727e-01 6.59864406e-03 1.20232753e-01 2.62403653e-01 6.58443465e-03 -1.20555039e-05 -1.87926155e-04 1.42094029e-05
431              1.20220777e-01 2.62215696e-01 6.59748764e-03 1.20232753e-01 2.62403653e-01 6.58443465e-03 -1.19755196e-05 -1.87957192e-04 1.30529899e-05
432              1.20216222e-01 2.62212311e-01 6.59859686e-03 1.20228298e-01 2.62400236e-01 6.58441311e-03 -1.20756016e-05 -1.87925098e-04 1.41837573e-05
433              1.20212456e-01 2.62207018e-01 6.59806801e-03 1.20224546e-01 2.62395085e-01 6.58456137e-03 -1.20906028e-05 -1.88066882e-04 1.35066453e-05
434              1.20212573e-01 2.62207254e-01 6.59800823e-03 1.20224546e-01 2.62395085e-01 6.58456137e-03 -1.19731810e-05 -1.87831650e-04 1.34468602e-05
435              1.20212747e-01 2.62207167e-01 6.59794659e-03 1.20224546e-01 2.62395085e-01 6.58456137e-03 -1.17995670e-05 -1.87918172e-04 1.33852180e-05
436              1.20212527e-01 2.62207268e-01 6.59711610e-03 1.20224546e-01 2.62395085e-01 6.58456137e-03 -1.20192884e-05 -1.87816974e-04 1.25547335e-05
437              1.20212718e-01 2.62207377e-01 6.59747888e-03 1.20224546e-01 2.62395085e-01 6.58456137e-03 -1.18280487e-05 -1.87708656e-04 1.29175105e-05
438              1.20204753e-01 2.62198261e-01 6.59756082e-03 1.20216959e-01 2.62386102e-01 6.58260478e-03 -1.22058270e-05 -1.87841793e-04 1.49560363e-05
439              1.20190940e-01 2.62194534e-01 6.59555260e-03 1.20202977e-01 2.62382519e-01 6.58102061e-03 -1.20363763e-05 -1.87984781e-04 1.45319954e-05
440              1.20190972e-01 2.62194090e-01 6.59625949e-03 1.20202977e-01 2.62382519e-01 6.58102061e-03 -1.20047276e-05 -1.88429018e-04 1.52388771e-05
441              1.20182602e-01 2.62195014e-01 6.59215622e-03 1.20194469e-01 2.62383041e-01 6.57960021e-03 -1.18666942e-05 -1.88026728e-04 1.25560105e-05
442              1.20181875e-01 2.62195572e-01 6.59248232e-03 1.20193973e-01 2.62383281e-01 6.57848449e-03 -1.20972855e-05 -1.87709630e-04 1.39978263e-05
443              1.20181714e-01 2.62195401e-01 6.59242990e-03 1.20193973e-01 2.62383281e-01 6.57848449e-03 -1.22587083e-05 -1.87880685e-04 1.39454113e-05
444              1.20180941e-01 2.62191073e-01 6.59381266e-03 1.20192992e-01 2.62378914e-01 6.57894088e-03 -1.20509353e-05 -1.87841110e-04 1.48717805e-05
445              1.20178728e-01 2.62191440e-01 6.59265053e-03 1.20190571e-01 2.62379533e-01 6.57897192e-03 -1.18434797e-05 -1.88093078e-04 1.36786145e-05
446              1.20178568e-01 2.62191594e-01 6.59168794e-03 1.20190571e-01 2.62379533e-01 6.57897192e-03 -1.20031906e-05 -1.87938819e-04 1.27160254e-05
447              1.20180209e-01 2.62195450e-01 6.59309173e-03 1.20192112e-01 2.62383306e-01 6.58017899e-03 -1.19022792e-05 -1.87856457e-04 1.29127419e-05
448              1.20183845e-01 2.62195578e-01 6.59577445e-03 1.20196099e-01 2.62383518e-01 6.58070090e-03 -1.22533137e-05 -1.87940238e-04 1.50735496e-05
449              1.20184025e-01 2.62195799e-01 6.59404625e-03 1.20196099e-01 2.62383518e-01 6.58070090e-03 -1.20734441e-05 -1.87719401e-04 1.33453484e-05
450              1.20184297e-01 2.62195505e-01 6.59331724e-03 1.20196099e-01 2.62383518e-01 6.58070090e-03 -1.18017207e-05 -1.88013152e-04 1.26163371e-05
451              1.20195249e-01 2.62197377e-01 6.59169013e-03 1.20207074e-01 2.62385382e-01 6.58008146e-03 -1.18256182e-05 -1.88005535e-04 1.16086709e-05
452              1.20196554e-01 2.62204353e-01 6.59374546e-03 1.20208528e-01 2.62392065e-01 6.58033327e-03 -1.19743352e-05 -1.87712374e-04 1.34121905e-05
453              1.20196119e-01 2.62204368e-01 6.59379664e-03 1.20208528e-01 2.62392065e-01 6.58033327e-03 -1.24098799e-05 -1.87696960e-04 1.34633710e-05
454              1.20196091e-01 2.62204412e-01 6.59402367e-03 1.20208528e-01 2.62392065e-01 6.58033327e-03 -1.24370121e-05 -1.87653510e-04 1.36904024e-05
455              1.20213003e-01 2.62204280e-01 6.59296636e-03 1.20224893e-01 2.62392222e-01 6.58026530e-03 -1.18898598e-05 -1.87941546e-04 1.27010546e-05
456              1.20225930e-01 2.62208057e-01 6.59208666e-03 1.20237838e-01 2.62396013e-01 6.57994781e-03 -1.19088622e-05 -1.87955692e-04 1.21388553e-05
457              1.20234429e-01 2.62208643e-01 6.59217801e-03 1.20246130e-01 2.62396463e-01 6.58028432e-03 -1.17010429e-05 -1.87820359e-04 1.18936912e-05
458              1.20239628e-01 2.62209832e-01 6.59459434e-03 1.20251831e-01 2.62397635e-01 6.58039422e-03 -1.22029474e-05 -1.87803096e-04 1.42001210e-05
459              1.20239975e-01 2.62209852e-01 6.59383050e-03 1.20251831e-01 2.62397635e-01 6.58039422e-03 -1.18566064e-05 -1.87782585e-04 1.34362828e-05
460              1.20239727e-01 2.62209690e-01 6.59482410e-03 1.20251831e-01 2.62397635e-01 6.58039422e-03 -1.21046155e-05 -1.87944845e-04 1.44298819e-05
461              1.20246238e-01 2.62209911e-01 6.59306962e-03 1.20258360e-01 2.62397696e-01 6.58017973e-03 -1.21216145e-05 -1.87785453e-04 1.28898881e-05
462              1.20246258e-01 2.62209848e-01 6.59439739e-03 1.20258360e-01 2.62397696e-01 6.58017973e-03 -1.21014820e-05 -1.87847740e-04 1.42176558e-05
463              1.20246079e-01 2.62209861e-01 6.59453314e-03 1.20258360e-01 2.62397696e-01 6.58017973e-03 -1.22805389e-05 -1.87835475e-04 1.43534144e-05
464              1.20250402e-01 2.62211019e-01 6.59791168e-03 1.20262577e-01 2.62398762e-01 6.58241924e-03 -1.21752429e-05 -1.87742776e-04 1.54924413e-05
465              1.20249087e-01 2.62203292e-01 6.59853199e-03 1.20261186e-01 2.62391381e-01 6.58334873e-03 -1.20997559e-05 -1.88088653e-04 1.51832559e-05
466              1.20249241e-01 2.62203342e-01 6.59632948e-03 1.20261186e-01 2.62391381e-01 6.58334873e-03 -1.19454037e-05 -1.88038596e-04 1.29807445e-05
467              1.20249353e-01 2.62203239e-01 6.59647761e-03 1.20261186e-01 2.62391381e-01 6.58334873e-03 -1.18333532e-05 -1.88141708e-04 1.31288743e-05
468              1.20253342e-01 2.62204426e-01 6.59882075e-03 1.20265300e-01 2.62392254e-01 6.58486844e-03 -1.19583189e-05 -1.87827702e-04 1.39523147e-05
469              1.20252348e-01 2.62204126e-01 6.59925260e-03 1.20264256e-01 2.62391989e-01 6.58544213e-03 -1.19073382e-05 -1.87862870e-04 1.38104724e-05
470              1.20250430e-01 2.62207854e-01 6.60084074e-03 1.20262554e-01 2.62395547e-01 6.58587982e-03 -1.21240536e-05 -1.87693283e-04 1.49609257e-05
471              1.20250476e-01 2.62207960e-01 6.60015886e-03 1.20262554e-01 2.62395547e-01 6.58587982e-03 -1.20783109e-05 -1.87586987e-04 1.42790374e-05
472              1.20250698e-01 2.62207477e-01 6.60084454e-03 1.20262554e-01 2.62395547e-01 6.58587982e-03 -1.18561222e-05 -1.88069799e-04 1.49647251e-05
473              1.20246251e-01 2.62203325e-01 6.59941665e-03 1.20258258e-01 2.62391272e-01 6.58514277e-03 -1.20073943e-05 -1.87946644e-04 1.42738785e-05
474              1.20245091e-01 2.62201957e-01 6.59898451e-03 1.20257002e-01 2.62389697e-01 6.58455815e-03 -1.19109070e-05 -1.87740139e-04 1.44263595e-05
475              1.20244952e-01 2.62201863e-01 6.60007188e-03 1.20257002e-01 2.62389697e-01 6.58455815e-03 -1.20498813e-05 -1.87833962e-04 1.55137276e-05
476              1.20244892e-01 2.62201953e-01 6.59967299e-03 1.20257002e-01 2.62389697e-01 6.58455815e-03 -1.21104133e-05 -1.87744551e-04 1.51148418e-05
477              1.20241634e-01 2.62197993e-01 6.59945279e-03 1.20253511e-01 2.62386037e-01 6.58510615e-03 -1.18764312e-05 -1.88043821e-04 1.43466402e-05
478              1.20241338e-01 2.62197991e-01 6.60038324e-03 1.20253511e-01 2.62386037e-01 6.58510615e-03 -1.21728440e-05 -1.88045783e-04 1.52770893e-05
479              1.20241672e-01 2.62198335e-01 6.60005244e-03 1.20253511e-01 2.62386037e-01 6.58510615e-03 -1.18382172e-05 -1.87701378e-04 1.49462913e-05
480              1.20236564e-01 2.62198446e-01 6.60245085e-03 1.20248691e-01 2.62386275e-01 6.58547904e-03 -1.21267726e-05 -1.87828997e-04 1.69718097e-05
481              1.20229668e-01 2.62193674e-01 6.60039838e-03 1.20241563e-01 2.62381327e-01 6.58513584e-03 -1.18944891e-05 -1.87653058e-04 1.52625382e-05
482              1.20229989e-01 2.62193419e-01 6.60020111e-03 1.20241563e-01 2.62381327e-01 6.58513584e-03 -1.15741904e-05 -1.87907464e-04 1.50652671e-05
483              1.20227468e-01 2.62191782e-01 6.59920312e-03 1.20239258e-01 2.62379744e-01 6.58407083e-03 -1.17901198e-05 -1.87961336e-04 1.51322836e-05
484              1.20220677e-01 2.62190562e-01 6.59903197e-03 1.20232496e-01 2.62378148e-01 6.58319854e-03 -1.18182787e-05 -1.87585454e-04 1.58334297e-05
485              1.20220380e-01 2.62190402e-01 6.59941713e-03 1.20232496e-01 2.62378148e-01 6.58319854e-03 -1.21157855e-05 -1.87745559e-04 1.62185891e-05
486              1.20215523e-01 2.62189575e-01 6.59701103e-03 1.20227590e-01 2.62377424e-01 6.58250932e-03 -1.20671408e-05 -1.87849226e-04 1.45017100e-05
487              1.20215775e-01 2.62189364e-01 6.59601226e-03 1.20227590e-01 2.62377424e-01 6.58250932e-03 -1.18143433e-05 -1.88059504e-04 1.35029441e-05
488              1.20215249e-01 2.62189284e-01 6.59824586e-03 1.20227590e-01 2.62377424e-01 6.58250932e-03 -1.23407594e-05 -1.88140092e-04 1.57365366e-05
489              1.20219296e-01 2.62187899e-01 6.59774917e-03 1.20231358e-01 2.62375730e-01 6.58308119e-03 -1.20616418e-05 -1.87830025e-04 1.46679861e-05
490              1.20224795e-01 2.62188964e-01 6.59937266e-03 1.20236942e-01 2.62376777e-01 6.58334803e-03 -1.21473500e-05 -1.87812696e-04 1.60246376e-05
491              1.20224845e-01 2.62189144e-01 6.59841920e-03 1.20236942e-01 2.62376777e-01 6.58334803e-03 -1.20972096e-05 -1.87633209e-04 1.50711740e-05
492              1.20224921e-01 2.62188772e-01 6.59920397e-03 1.20236942e-01 2.62376777e-01 6.58334803e-03 -1.20210150e-05 -1.88005086e-04 1.58559464e-05
493              1.20226711e-01 2.62186923e-01 6.59768058e-03 1.20238746e-01 2.62374945e-01 6.58289866e-03 -1.20350352e-05 -1.88022776e-04 1.47819170e-05
494              1.20227051e-01 2.62191985e-01 6.59846073e-03 1.20239082e-01 2.62379780e-01 6.58303832e-03 -1.20312902e-05 -1.87795498e-04 1.54224068e-05
495              1.20224503e-01 2.62194103e-01 6.59929105e-03 1.20236544e-01 2.62381883e-01 6.58326721e-03 -1.20416797e-05 -1.87779788e-04 1.60238388e-05
496              1.20224503e-01 2.62194047e-01 6.59852223e-03 1.20236544e-01 2.62381883e-01 6.58326721e-03 -1.20408783e-05 -1.87835646e-04 1.52550186e-05
497              1.20224760e-01 2.62193878e-01 6.59716472e-03 1.20236544e-01 2.62381883e-01 6.58326721e-03 -1.17839372e-05 -1.88004202e-04 1.38975014e-05
498              1.20221023e-01 2.62190742e-01 6.59775672e-03 1.20233096e-01 2.62378767e-01 6.58345840e-03 -1.20736135e-05 -1.88025235e-04 1.42983211e-05
499              1.20218567e-01 2.62185258e-01 6.59775961e-03 1.20230533e-01 2.62373257e-01 6.58332816e-03 -1.19660099e-05 -1.87999472e-04 1.44314464e-05
500              1.20218400e-01 2.62185427e-01 6.59874007e-03 1.20230533e-01 2.62373257e-01 6.58332816e-03 -1.21325621e-05 -1.87830918e-04 1.54119028e-05
501              1.20218350e-01 2.62185645e-01 6.59723770e-03 1.20230533e-01 2.62373257e-01 6.58332816e-03 -1.21828145e-05 -1.87612734e-04 1.39095335e-05
502              1.20217657e-01 2.62186942e-01 6.59800488e-03 1.20229612e-01 2.62374535e-01 6.58437023e-03 -1.19549861e-05 -1.87593632e-04 1.36346500e-05
503              1.20210769e-01 2.62186229e-01 6.59707926e-03 1.20222632e-01 2.62374070e-01 6.58439273e-03 -1.18630278e-05 -1.87840885e-04 1.26865234e-05
504              1.20203140e-01 2.62186779e-01 6.59800216e-03 1.20215059e-01 2.62374695e-01 6.58431342e-03 -1.19188216e-05 -1.87916288e-04 1.36887352e-05
505              1.20203034e-01 2.62186962e-01 6.59832908e-03 1.20215059e-01 2.62374695e-01 6.58431342e-03 -1.20250284e-05 -1.87733309e-04 1.40156571e-05
506              1.20203000e-01 2.62186915e-01 6.59805922e-03 1.20215059e-01 2.62374695e-01 6.58431342e-03 -1.20586642e-05 -1.87779997e-04 1.37457923e-05
507              1.20198926e-01 2.62192344e-01 6.59662606e-03 1.20210916e-01 2.62380352e-01 6.58239414e-03 -1.19902967e-05 -1.88008250e-04 1.42319141e-05
508              1.20199404e-01 2.62194828e-01 6.59671750e-03 1.20211611e-01 2.62382815e-01 6.58190264e-03 -1.22061154e-05 -1.87987350e-04 1.48148591e-05
509              1.20203169e-01 2.62192143e-01 6.59483257e-03 1.20214974e-01 2.62379965e-01 6.58126177e-03 -1.18047292e-05 -1.87822028e-04 1.35707986e-05
510              1.20202938e-01 2.62192369e-01 6.59541884e-03 1.20214974e-01 2.62379965e-01 6.58126177e-03 -1.20354892e-05 -1.87595881e-04 1.41570703e-05
511              1.20202826e-01 2.62192432e-01 6.59512153e-03 1.20214974e-01 2.62379965e-01 6.58126177e-03 -1.21473207e-05 -1.87533249e-04 1.38597570e-05
512              1.20207573e-01 2.62194716e-01 6.59733522e-03 1.20219586e-01 2.62382613e-01 6.58265847e-03 -1.20134336e-05 -1.87896624e-04 1.46767466e-05
513              1.20210556e-01 2.62194684e-01 6.59742498e-03 1.20222616e-01 2.62382807e-01 6.58310548e-03 -1.20596457e-05 -1.88122604e-04 1.43194999e-05
514              1.20210939e-01 2.62194811e-01 6.59651527e-03 1.20222616e-01 2.62382807e-01 6.58310548e-03 -1.16767181e-05 -1.87996272e-04 1.34097901e-05
515              1.20210777e-01 2.62194878e-01 6.59724818e-03 1.20222616e-01 2.62382807e-01 6.58310548e-03 -1.18386082e-05 -1.87929288e-04 1.41426960e-05
516              1.20209401e-01 2.62195283e-01 6.59694947e-03 1.20221299e-01 2.62383105e-01 6.58338032e-03 -1.18983178e-05 -1.87821278e-04 1.35691481e-05
517              1.20211658e-01 2.62193728e-01 6.59635314e-03 1.20223604e-01 2.62381680e-01 6.58271498e-03 -1.19463327e-05 -1.87952068e-04 1.36381606e-05
518              1.20211259e-01 2.62193479e-01 6.59702534e-03 1.20223604e-01 2.62381680e-01 6.58271498e-03 -1.23454303e-05 -1.88200597e-04 1.43103583e-05
519              1.20212344e-01 2.62193389e-01 6.59747613e-03 1.20224448e-01 2.62381342e-01 6.58292867e-03 -1.21035390e-05 -1.87952585e-04 1.45474658e-05
520              1.20215939e-01 2.62197200e-01 6.59783211e-03 1.20228051e-01 2.62385067e-01 6.58273300e-03 -1.21117443e-05 -1.87866541e-04 1.50991106e-05
521              1.20216132e-01 2.62197390e-01 6.59615764e-03 1.20228051e-01 2.62385067e-01 6.58273300e-03 -1.19183808e-05 -1.87676606e-04 1.34246459e-05
522              1.20221002e-01 2.62200564e-01 6.59510605e-03 1.20232870e-01 2.62388338e-01 6.58209134e-03 -1.18679947e-05 -1.87773909e-04 1.30147084e-05
523              1.20220808e-01 2.62200246e-01 6.59584113e-03 1.20232870e-01 2.62388338e-01 6.58209134e-03 -1.20620900e-05 -1.88092489e-04 1.37497932e-05
524              1.20220926e-01 2.62200340e-01 6.59585218e-03 1.20232870e-01 2.62388338e-01 6.58209134e-03 -1.19437135e-05 -1.87998066e-04 1.37608407e-05
525              1.20225951e-01 2.62201482e-01 6.59478419e-03 1.20238045e-01 2.62389441e-01 6.58074360e-03 -1.20943309e-05 -1.87959002e-04 1.40405807e-05
526              1.20232049e-01 2.62204137e-01 6.59395231e-03 1.20244121e-01 2.62391934e-01 6.58056944e-03 -1.20718475e-05 -1.87796535e-04 1.33828713e-05
527              1.20232251e-01 2.62204039e-01 6.59408034e-03 1.20244121e-01 2.62391934e-01 6.58056944e-03 -1.18701045e-05 -1.87894498e-04 1.35109014e-05
528              1.20232004e-01 2.62203732e-01 6.59455662e-03 1.20244121e-01 2.62391934e-01 6.58056944e-03 -1.21170547e-05 -1.88201629e-04 1.39871815e-05
529              1.20229392e-01 2.62200515e-01 6.59414639e-03 1.20241332e-01 2.62388402e-01 6.58087275e-03 -1.19398538e-05 -1.87886144e-04 1.32736356e-05
530              1.20227925e-01 2.62201161e-01 6.59536614e-03 1.20239917e-01 2.62388698e-01 6.58198533e-03 -1.19915248e-05 -1.87537308e-04 1.33808162e-05
531              1.20223601e-01 2.62201663e-01 6.59604964e-03 1.20235653e-01 2.62389255e-01 6.58229125e-03 -1.20527720e-05 -1.87592785e-04 1.37583811e-05
532              1.20223629e-01 2.62201656e-01 6.59611316e-03 1.20235653e-01 2.62389255e-01 6.58229125e-03 -1.20246896e-05 -1.87599200e-04 1.38219102e-05
533              1.20223504e-01 2.62201417e-01 6.59617233e-03 1.20235653e-01 2.62389255e-01 6.58229125e-03 -1.21492188e-05 -1.87838913e-04 1.38810736e-05
534              1.20225736e-01 2.62201692e-01 6.59616806e-03 1.20237612e-01 2.62389554e-01 6.58316099e-03 -1.18751879e-05 -1.87861682e-04 1.30070719e-05
535              1.20226110e-01 2.62199058e-01 6.59587948e-03 1.20237972e-01 2.62386945e-01 6.58311724e-03 -1.18625626e-05 -1.87886973e-04 1.27622374e-05
536              1.20225867e-01 2.62199497e-01 6.59662041e-03 1.20238069e-01 2.62387542e-01 6.58334521e-03 -1.22028932e-05 -1.88045509e-04 1.32751959e-05
537              1.20226050e-01 2.62199768e-01 6.59635200e-03 1.20238069e-01 2.62387542e-01 6.58334521e-03 -1.20193362e-05 -1.87774136e-04 1.30067913e-05
538              1.20225864e-01 2.62199553e-01 6.59730459e-03 1.20238069e-01 2.62387542e-01 6.58334521e-03 -1.22057933e-05 -1.87989294e-04 1.39593805e-05
539              1.20218235e-01 2.62200452e-01 6.59449674e-03 1.20230122e-01 2.62388486e-01 6.58180390e-03 -1.18869850e-05 -1.88034369e-04 1.26928426e-05
540              1.20212551e-01 2.62201171e-01 6.59458716e-03 1.20224624e-01 2.62388917e-01 6.58133982e-03 -1.20732683e-05 -1.87745300e-04 1.32473373e-05
541              1.20206892e-01 2.62201212e-01 6.59383554e-03 1.20218940e-01 2.62388955e-01 6.58099890e-03 -1.20479917e-05 -1.87742429e-04 1.28366417e-05
542              1.20207126e-01 2.62201214e-01 6.59364571e-03 1.20218940e-01 2.62388955e-01 6.58099890e-03 -1.18139828e-05 -1.87740732e-04 1.26468084e-05
543              1.20206625e-01 2.62200956e-01 6.59494358e-03 1.20218940e-01 2.62388955e-01 6.58099890e-03 -1.23150903e-05 -1.87998839e-04 1.39446776e-05
544              1.20206147e-01 2.62195217e-01 6.59836843e-03 1.20218337e-01 2.62383074e-01 6.58318451e-03 -1.21897269e-05 -1.87856369e-04 1.51839162e-05
545              1.20210195e-01 2.62187364e-01 6.59785229e-03 1.20222145e-01 2.62375171e-01 6.58366293e-03 -1.19499731e-05 -1.87806474e-04 1.41893596e-05
546              1.20210483e-01 2.62187233e-01 6.59631720e-03 1.20222145e-01 2.62375171e-01 6.58366293e-03 -1.16622585e-05 -1.87937716e-04 1.26542703e-05
547              1.20210800e-01 2.62187291e-01 6.59564597e-03 1.20222145e-01 2.62375171e-01 6.58366293e-03 -1.13449155e-05 -1.87880010e-04 1.19830366e-05
548              1.20204234e-01 2.62183788e-01 6.59802356e-03 1.20216045e-01 2.62371787e-01 6.58411211e-03 -1.18113165e-05 -1.87999579e-04 1.39114561e-05
549              1.20195994e-01 2.62177355e-01 6.59592413e-03 1.20207768e-01 2.62365472e-01 6.58317003e-03 -1.17737340e-05 -1.88117703e-04 1.27540992e-05
550              1.20194023e-01 2.62174372e-01 6.59552457e-03 1.20206174e-01 2.62362401e-01 6.58248271e-03 -1.21512686e-05 -1.88029255e-04 1.30418672e-05
551              1.20193997e-01 2.62174563e-01 6.59500596e-03 1.20206174e-01 2.62362401e-01 6.58248271e-03 -1.21766218e-05 -1.87838737e-04 1.25232510e-05
552              1.20193993e-01 2.62174396e-01 6.59637188e-03 1.20206174e-01 2.62362401e-01 6.58248271e-03 -1.21806263e-05 -1.88005779e-04 1.38891749e-05
553              1.20192890e-01 2.62174439e-01 6.59502688e-03 1.20204956e-01 2.62362535e-01 6.58204528e-03 -1.20659583e-05 -1.88096547e-04 1.29815995e-05
554              1.20194143e-01 2.62176334e-01 6.59624800e-03 1.20206181e-01 2.62364216e-01 6.58266204e-03 -1.20380537e-05 -1.87882745e-04 1.35859561e-05
555              1.20192069e-01 2.62176136e-01 6.59682489e-03 1.20203876e-01 2.62364039e-01 6.58319362e-03 -1.18069253e-05 -1.87902525e-04 1.36312781e-05
556              1.20192039e-01 2.62176219e-01 6.59615795e-03 1.20203876e-01 2.62364039e-01 6.58319362e-03 -1.18366217e-05 -1.87819314e-04 1.29643379e-05
557              1.20192089e-01 2.62176059e-01 6.59495330e-03 1.20203876e-01 2.62364039e-01 6.58319362e-03 -1.17873015e-05 -1.87979860e-04 1.17596799e-05
558              1.20199585e-01 2.62178715e-01 6.59820013e-03 1.20211750e-01 2.62366635e-01 6.58413505e-03 -1.21644457e-05 -1.87919954e-04 1.40650749e-05
559              1.20207499e-01 2.62178073e-01 6.59738015e-03 1.20219263e-01 2.62366050e-01 6.58433763e-03 -1.17643925e-05 -1.87977027e-04 1.30425248e-05
560              1.20207630e-01 2.62178117e-01 6.59899186e-03 1.20219263e-01 2.62366050e-01 6.58433763e-03 -1.16329361e-05 -1.87933101e-04 1.46542293e-05
561              1.20207430e-01 2.62178196e-01 6.59748745e-03 1.20219263e-01 2.62366050e-01 6.58433763e-03 -1.18326229e-05 -1.87854158e-04 1.31498238e-05
562              1.20210403e-01 2.62184477e-01 6.59774208e-03 1.20222144e-01 2.62372217e-01 6.58421145e-03 -1.17412604e-05 -1.87739309e-04 1.35306329e-05
563              1.20210151e-01 2.62184158e-01 6.59763382e-03 1.20222144e-01 2.62372217e-01 6.58421145e-03 -1.19933762e-05 -1.88058033e-04 1.34223745e-05
564              1.20202355e-01 2.62182226e-01 6.59880474e-03 1.20214422e-01 2.62370048e-01 6.58461853e-03 -1.20677344e-05 -1.87821924e-04 1.41862115e-05
565              1.20199787e-01 2.62180695e-01 6.59868666e-03 1.20211711e-01 2.62368619e-01 6.58512802e-03 -1.19240125e-05 -1.87923830e-04 1.35586382e-05
566              1.20199732e-01 2.62180896e-01 6.59886416e-03 1.20211711e-01 2.62368619e-01 6.58512802e-03 -1.19792037e-05 -1.87723434e-04 1.37361338e-05
567              1.20198340e-01 2.62184550e-01 6.59690103e-03 1.20210072e-01 2.62372438e-01 6.58412633e-03 -1.17319271e-05 -1.87887646e-04 1.27747013e-05
568              1.20202089e-01 2.62186378e-01 6.59840471e-03 1.20214424e-01 2.62374276e-01 6.58332097e-03 -1.23346690e-05 -1.87898205e-04 1.50837375e-05
569              1.20202267e-01 2.62186611e-01 6.59762554e-03 1.20214424e-01 2.62374276e-01 6.58332097e-03 -1.21569342e-05 -1.87665038e-04 1.43045672e-05
570              1.20202324e-01 2.62186581e-01 6.59840154e-03 1.20214424e-01 2.62374276e-01 6.58332097e-03 -1.21002830e-05 -1.87695184e-04 1.50805722e-05
571              1.20201574e-01 2.62187154e-01 6.59520800e-03 1.20213674e-01 2.62374830e-01 6.58224412e-03 -1.21001741e-05 -1.87675584e-04 1.29638779e-05
572              1.20205320e-01 2.62194500e-01 6.59734943e-03 1.20217460e-01 2.62382300e-01 6.58259969e-03 -1.21405314e-05 -1.87799993e-04 1.47497381e-05
573              1.20209175e-01 2.62197992e-01 6.59580261e-03 1.20221163e-01 2.62386030e-01 6.58259490e-03 -1.19882697e-05 -1.88037555e-04 1.32077100e-05
574              1.20209100e-01 2.62198238e-01 6.59648762e-03 1.20221163e-01 2.62386030e-01 6.58259490e-03 -1.20637781e-05 -1.87791642e-04 1.38927257e-05
575              1.20209169e-01 2.62198205e-01 6.59633511e-03 1.20221163e-01 2.62386030e-01 6.58259490e-03 -1.19946338e-05 -1.87824286e-04 1.37402111e-05
576              1.20212298e-01 2.62194649e-01 6.59735505e-03 1.20224459e-01 2.62382455e-01 6.58322381e-03 -1.21612510e-05 -1.87806104e-04 1.41312417e-05
577              1.20212659e-01 2.62194512e-01 6.59634075e-03 1.20224459e-01 2.62382455e-01 6.58322381e-03 -1.18000244e-05 -1.87942988e-04 1.31169490e-05
578              1.20212315e-01 2.62194484e-01 6.59766747e-03 1.20224459e-01 2.62382455e-01 6.58322381e-03 -1.21441505e-05 -1.87970463e-04 1.44436628e-05
579              1.20213333e-01 2.62193637e-01 6.59608776e-03 1.20225326e-01 2.62381512e-01 6.58350408e-03 -1.19934317e-05 -1.87874938e-04 1.25836862e-05
580              1.20217764e-01 2.62193792e-01 6.59881480e-03 1.20229882e-01 2.62381443e-01 6.58478445e-03 -1.21177829e-05 -1.87651742e-04 1.40303468e-05
581              1.20217828e-01 2.62193860e-01 6.59662950e-03 1.20229882e-01 2.62381443e-01 6.58478445e-03 -1.20538824e-05 -1.87583564e-04 1.18450449e-05
582              1.20212537e-01 2.62194611e-01 6.59771467e-03 1.20224762e-01 2.62382418e-01 6.58405130e-03 -1.22250658e-05 -1.87806665e-04 1.36633705e-05
583              1.20212810e-01 2.62193507e-01 6.59696407e-03 1.20224931e-01 2.62381520e-01 6.58427194e-03 -1.21215106e-05 -1.88013780e-04 1.26921348e-05
584              1.20213012e-01 2.62193599e-01 6.59899253e-03 1.20224931e-01 2.62381520e-01 6.58427194e-03 -1.19195617e-05 -1.87921475e-04 1.47205888e-05
585              1.20203553e-01 2.62200429e-01 6.59502050e-03 1.20215241e-01 2.62388234e-01 6.58256241e-03 -1.16872377e-05 -1.87804165e-04 1.24580890e-05
586              1.20196358e-01 2.62204669e-01 6.59384870e-03 1.20208408e-01 2.62392466e-01 6.58178892e-03 -1.20499721e-05 -1.87797083e-04 1.20597762e-05
587              1.20196487e-01 2.62204738e-01 6.59467623e-03 1.20208408e-01 2.62392466e-01 6.58178892e-03 -1.19211013e-05 -1.87728902e-04 1.28873022e-05
588              1.20196170e-01 2.62204552e-01 6.59765260e-03 1.20208408e-01 2.62392466e-01 6.58178892e-03 -1.22387400e-05 -1.87914007e-04 1.58636781e-05
589              1.20174258e-01 2.62205263e-01 6.59353357e-03 1.20186377e-01 2.62393145e-01 6.57997847e-03 -1.21194399e-05 -1.87882227e-04 1.35550999e-05
590              1.20168122e-01 2.62210777e-01 6.59282730e-03 1.20180191e-01 2.62398494e-01 6.57941228e-03 -1.20688697e-05 -1.87716889e-04 1.34150195e-05
591              1.20168313e-01 2.62214656e-01 6.59061562e-03 1.20180111e-01 2.62402370e-01 6.57897660e-03 -1.17978980e-05 -1.87714432e-04 1.16390181e-05
592              1.20168272e-01 2.62214735e-01 6.59257485e-03 1.20180111e-01 2.62402370e-01 6.57897660e-03 -1.18389876e-05 -1.87635217e-04 1.35982494e-05
593              1.20168041e-01 2.62214414e-01 6.59155560e-03 1.20180111e-01 2.62402370e-01 6.57897660e-03 -1.20702993e-05 -1.87956094e-04 1.25790048e-05
594              1.20163625e-01 2.62210777e-01 6.59378309e-03 1.20175750e-01 2.62398545e-01 6.57988031e-03 -1.21252862e-05 -1.87767890e-04 1.39027798e-05
595              1.20161038e-01 2.62204135e-01 6.59228392e-03 1.20172926e-01 2.62391996e-01 6.58018940e-03 -1.18880851e-05 -1.87860591e-04 1.20945190e-05
596              1.20161134e-01 2.62204119e-01 6.59168796e-03 1.20172926e-01 2.62391996e-01 6.58018940e-03 -1.17928088e-05 -1.87876852e-04 1.14985675e-05
597              1.20160981e-01 2.62204233e-01 6.59220867e-03 1.20172926e-01 2.62391996e-01 6.58018940e-03 -1.19450779e-05 -1.87762207e-04 1.20192746e-05
598              1.20159307e-01 2.62201201e-01 6.59341850e-03 1.20171421e-01 2.62389008e-01 6.58085404e-03 -1.21132686e-05 -1.87807790e-04 1.25644548e-05
599              1.20159438e-01 2.62201114e-01 6.59313808e-03 1.20171421e-01 2.62389008e-01 6.58085404e-03 -1.19825063e-05 -1.87894749e-04 1.22840421e-05
600              1.20149045e-01 2.62196854e-01 6.59457253e-03 1.20161315e-01 2.62384847e-01 6.58054005e-03 -1.22707379e-05 -1.87992280e-04 1.40324786e-05
